1 343 627
2 353 496
3 345 716
4 351 610
5 337 329
6 356 476
7 350 589
8 339 634
9 355 588
10 346 472
11 367 547
12 353 458
13 354 720
14 335 531
15 353 369
16 341 366
17 365 590
18 338 502
19 361 416
20 346 484
21 351 822
22 340 430
23 348 391
24 355 557
25 353 423
26 343 573
27 349 352
28 332 444
29 346 444
30 345 545
31 361 368
32 347 460
33 356 520
34 350 396
35 349 545
36 353 472
37 348 617
38 341 402
39 355 595
40 338 526
41 360 444
42 330 567
43 372 454
44 333 618
45 349 585
46 352 359
47 360 456
48 330 430
49 356 548
50 344 433
51 347 587
52 360 456
53 354 622
54 344 372
55 335 527
56 352 467
57 337 435
58 359 655
59 356 508
60 356 487
61 370 747
62 337 618
63 339 427
64 352 675
65 352 614
66 356 352
67 345 537
68 351 341
69 353 421
70 345 586
71 349 640
72 354 602
73 362 448
74 350 606
75 348 514
76 350 608
77 351 410
78 358 638
79 362 691
80 336 524
81 370 777
82 353 465
83 338 610
84 369 510
85 328 592
86 367 445
87 334 580
88 358 727
89 343 550
90 353 462
91 347 368
92 350 498
93 343 414
94 344 565
95 358 474
96 359 605
97 357 341
98 342 390
99 359 588
100 354 404
101 345 616
102 333 327
103 347 600
104 339 328
105 370 351
106 353 541
107 336 422
108 366 423
109 321 380
110 351 635
111 346 384
112 335 531
113 337 600
114 348 592
115 348 476
116 344 678
117 365 588
118 330 397
119 357 563
120 349 684
121 361 455
122 340 524
123 363 317
124 358 681
125 352 503
126 342 727
127 350 439
128 359 712
129 335 623
130 348 434
131 338 578
132 350 577
133 351 535
134 345 390
135 340 490
136 362 700
137 348 389
138 343 663
139 356 358
140 322 475
141 357 431
142 362 442
143 345 492
144 356 465
145 345 613
146 336 341
147 354 537
148 345 636
149 348 489
150 339 334
151 344 515
152 358 413
153 342 500
154 365 383
155 363 628
156 337 531
157 371 403
158 355 584
159 367 472
160 355 561
161 358 461
162 353 629
163 355 451
164 345 520
165 356 376
166 357 403
167 349 519
168 341 400
169 352 439
170 359 517
171 342 440
172 335 368
173 370 630
174 340 408
175 368 596
176 327 464
177 361 456
178 328 497
179 341 607
180 352 370
181 331 680
182 362 534
183 332 409
184 337 375
185 348 535
186 334 394
187 350 584
188 350 382
189 335 317
190 365 672
191 344 388
192 357 344
193 347 553
194 358 390
195 347 401
196 358 383
197 360 712
198 360 394
199 336 663
200 358 467
201 361 680
202 343 544
203 345 387
204 337 323
205 345 459
206 351 572
207 332 366
208 352 539
209 337 462
210 364 679
211 345 590
212 341 382
213 354 399
214 346 332
215 379 600
216 325 432
217 364 540
218 340 455
219 360 548
220 344 520
221 363 325
222 343 364
223 349 600
224 361 499
225 344 633
226 330 363
227 372 511
228 321 627
229 371 565
230 352 323
231 345 559
232 356 347
233 341 379
234 358 444
235 349 580
236 357 385
237 349 361
238 352 352
239 353 506
240 336 509
241 373 622
242 319 408
243 373 405
244 339 439
245 350 483
246 356 406
247 348 627
248 356 406
249 361 594
250 325 393
251 368 548
252 330 388
253 345 550
254 348 696
255 351 512
256 367 437
257 329 586
258 362 462
259 354 615
260 361 438
261 356 632
262 355 387
263 335 600
264 351 354
265 345 670
266 354 441
267 335 615
268 361 414
269 317 540
270 365 318
271 331 543
272 373 421
273 338 332
274 357 589
275 364 330
276 335 580
277 368 335
278 364 606
279 355 712
280 365 564
281 351 408
282 334 583
283 373 625
284 341 588
285 359 423
286 352 389
287 347 366
288 366 447
289 334 611
290 360 688
291 347 373
292 333 603
293 371 343
294 327 547
295 344 439
296 374 420
297 340 575
298 366 594
299 346 361
300 368 600
301 361 527
302 357 659
303 339 309
304 339 553
305 359 721
306 344 628
307 349 638
308 349 334
309 361 583
310 352 447
311 352 442
312 360 625
313 335 356
314 354 450
315 346 568
316 355 716
317 357 456
318 352 496
319 353 461
320 344 405
321 356 674
322 359 457
323 356 727
324 340 632
325 338 461
326 356 492
327 333 604
328 344 730
329 350 642
330 346 377
331 349 614
332 364 374
333 336 582
334 369 577
335 347 622
336 354 421
337 354 373
338 345 630
339 354 386
340 373 662
341 335 431
342 343 379
343 362 614
344 371 434
345 348 568
346 365 439
347 332 666
348 354 426
349 341 474
350 365 374
351 348 551
352 356 382
353 347 352
354 358 536
355 359 396
356 343 543
357 341 395
358 352 341
359 344 545
360 364 466
361 346 538
362 362 409
363 359 568
364 356 361
365 339 603
366 366 481
367 340 357
368 361 639
369 357 564
370 341 574
371 354 406
372 350 598
373 346 506
374 346 378
375 346 619
376 366 395
377 347 387
378 359 533
379 343 452
380 352 541
381 344 430
382 346 547
383 356 464
384 360 366
385 353 406
386 357 519
387 363 424
388 378 583
389 335 368
390 377 594
391 340 413
392 353 432
393 357 402
394 355 552
395 352 421
396 360 446
397 367 415
398 355 595
399 355 373
400 357 487
401 365 513
402 353 598
403 360 418
404 351 378
405 369 327
406 341 320
407 342 414
408 357 403
409 374 432
410 343 458
411 363 389
412 350 403
413 341 373
414 361 444
415 352 381
416 361 417
417 347 432
418 368 476
419 343 451
420 365 480
421 353 418
422 343 414
423 366 307
424 351 507
425 361 413
426 359 498
427 359 359
428 353 345
429 343 434
430 346 413
431 349 441
432 345 465
433 358 417
434 361 404
435 351 356
436 346 406
437 361 468
438 359 437
439 337 409
440 374 440
441 338 357
442 371 395
443 362 411
444 343 419
445 359 435
446 368 486
447 360 433
448 347 436
449 364 381
450 339 427
451 345 368
452 335 407
453 358 405
454 362 355
455 342 446
456 357 421
457 349 384
458 356 360
459 377 398
460 380 454
461 361 367
462 355 349
463 366 481
464 351 407
465 363 380
466 367 396
467 354 382
468 370 429
469 356 439
470 369 476
471 365 498
472 364 313
473 356 442
474 383 360
475 338 371
476 352 352
477 356 447
478 350 443
479 357 423
480 368 393
481 362 407
482 334 307
483 367 403
484 331 425
485 359 422
486 333 337
487 357 419
488 334 364
489 362 361
490 373 461
491 333 352
492 356 416
493 356 352
494 333 387
495 361 288
496 350 456
497 370 464
498 341 349
499 363 302
500 338 360
501 363 485
502 354 368
503 360 384
504 347 421
505 346 312
506 343 431
507 356 423
508 344 393
509 342 420
510 360 387
511 351 398
512 349 447
513 353 402
514 339 464
515 373 465
516 331 426
517 362 419
518 352 483
519 335 388
520 360 492
521 346 445
522 366 396
523 329 449
524 349 347
525 337 434
526 354 418
527 343 412
528 334 431
529 358 412
530 340 323
531 344 377
532 374 378
533 337 352
534 356 452
535 349 357
536 346 422
537 359 351
538 363 392
539 338 428
540 375 440
541 329 394
542 353 457
543 344 336
544 369 418
545 347 336
546 370 366
547 328 453
548 386 406
549 346 430
550 357 330
551 354 505
552 345 402
553 363 505
554 342 630
555 358 301
556 344 382
557 362 465
558 350 355
559 337 413
560 366 469
561 347 390
562 354 436
563 334 414
564 371 409
565 360 450
566 379 456
567 359 524
568 370 428
569 364 432
570 350 398
571 354 401
572 350 526
573 347 389
574 363 334
575 363 519
576 367 419
577 360 449
578 364 367
579 351 466
580 379 415
581 357 463
582 364 362
583 365 473
584 363 379
585 355 481
586 362 478
587 371 533
588 362 390
589 342 389
590 369 407
591 365 358
592 369 473
593 355 430
594 366 393
595 369 562
596 370 419
597 335 442
598 371 448
599 357 320
600 352 545
601 357 378
602 356 366
603 367 451
604 362 406
605 365 388
606 352 402
607 359 333
608 354 482
609 364 434
610 361 398
611 372 463
612 356 445
613 362 410
614 343 449
615 363 472
616 353 444
617 347 439
618 354 401
619 330 425
620 373 427
621 370 366
622 349 429
623 345 462
624 360 328
625 354 472
626 368 419
627 350 347
628 376 497
629 359 419
630 357 511
631 364 466
632 376 517
633 360 428
634 365 456
635 352 433
636 377 491
637 349 437
638 361 382
639 354 461
640 361 497
641 350 405
642 357 474
643 358 494
644 365 436
645 371 497
646 358 382
647 366 467
648 361 466
649 361 428
650 357 379
651 352 400
652 361 380
653 352 421
654 373 478
655 337 346
656 359 442
657 346 401
658 376 477
659 348 359
660 355 454
661 343 411
662 360 428
663 344 440
664 351 409
665 362 311
666 361 442
667 358 509
668 371 414
669 378 498
670 359 404
671 366 444
672 350 423
673 373 445
674 340 387
675 361 448
676 346 365
677 362 496
678 355 449
679 349 399
680 349 422
681 346 447
682 360 421
683 373 528
684 370 469
685 357 412
686 359 371
687 357 437
688 342 490
689 372 344
690 336 392
691 368 517
692 343 360
693 349 406
694 379 459
695 350 408
696 358 451
697 356 474
698 368 542
699 360 353
700 373 450
701 341 432
702 362 540
703 364 433
704 348 448
705 373 385
706 363 372
707 363 362
708 358 468
709 364 499
710 373 432
711 366 411
712 355 343
713 359 450
714 347 413
715 348 354
716 370 500
717 350 470
718 369 391
719 336 524
720 376 548
721 334 472
722 377 366
723 346 446
724 362 421
725 369 420
726 343 480
727 379 374
728 346 371
729 357 472
730 344 363
731 375 591
732 358 455
733 359 380
734 361 395
735 363 392
736 349 467
737 371 447
738 347 420
739 362 454
740 354 498
741 358 467
742 362 369
743 347 393
744 355 394
745 370 416
746 369 387
747 342 432
748 377 413
749 350 425
750 369 496
751 345 449
752 372 465
753 349 414
754 362 427
755 368 361
756 365 429
757 360 425
758 377 435
759 372 358
760 380 384
761 373 381
762 383 544
763 381 482
764 368 433
765 372 411
766 347 423
767 386 359
768 352 401
769 395 408
770 347 446
771 369 342
772 359 380
773 370 412
774 360 518
775 369 423
776 370 398
777 351 449
778 375 471
779 363 479
780 372 414
781 362 443
782 367 449
783 348 469
784 358 348
785 362 399
786 342 391
787 374 420
788 330 382
789 389 410
790 340 404
791 374 487
792 357 469
793 366 497
794 352 447
795 352 416
796 371 505
797 346 454
798 368 437
799 364 409
800 349 327
801 349 432
802 355 427
803 350 495
804 373 414
805 352 457
806 366 447
807 370 373
808 346 393
809 346 430
810 367 434
811 364 489
812 356 500
813 339 479
814 374 444
815 342 504
816 359 444
817 374 372
818 341 404
819 379 413
820 341 498
821 377 459
822 352 410
823 354 477
824 371 365
825 361 331
826 365 453
827 352 489
828 367 420
829 328 395
830 384 421
831 334 355
832 356 503
833 347 409
834 352 393
835 362 413
836 336 470
837 371 443
838 366 417
839 355 350
840 359 383
841 379 494
842 355 468
843 362 405
844 343 440
845 360 421
846 361 481
847 370 378
848 358 477
849 380 469
850 343 421
851 366 449
852 374 365
853 355 353
854 362 456
855 370 383
856 356 479
857 372 537
858 343 462
859 371 456
860 346 409
861 368 539
862 360 440
863 340 473
864 366 437
865 354 425
866 370 422
867 358 461
868 376 515
869 363 529
870 369 464
871 355 509
872 354 424
873 364 426
874 356 463
875 368 534
876 356 484
877 364 442
878 361 416
879 349 459
880 361 419
881 357 440
882 345 402
883 358 479
884 350 308
885 357 453
886 358 368
887 355 452
888 358 449
889 371 340
890 372 494
891 347 440
892 375 465
893 329 443
894 344 477
895 352 509
896 356 385
897 357 446
898 370 462
899 351 499
900 359 316
901 370 444
902 349 403
903 372 452
904 338 514
905 375 439
906 354 508
907 375 469
908 344 491
909 355 331
910 361 476
911 344 348
912 375 463
913 369 457
914 354 402
915 358 447
916 361 491
917 375 454
918 362 387
919 343 338
920 376 408
921 348 454
922 355 352
923 358 422
924 343 474
925 364 454
926 346 580
927 366 445
928 372 550
929 357 425
930 375 448
931 374 413
932 371 417
933 373 439
934 364 409
935 368 451
936 367 406
937 357 452
938 364 447
939 343 439
940 370 380
941 348 405
942 361 450
943 368 477
944 354 377
945 370 369
946 358 418
947 342 433
948 366 392
949 352 459
950 336 376
951 365 432
952 346 458
953 375 409
954 342 411
955 361 451
956 362 377
957 354 370
958 349 365
959 365 401
960 353 387
961 362 434
962 363 428
963 345 416
964 368 433
965 349 326
966 357 322
967 359 392
968 374 524
969 355 438
970 356 408
971 355 431
972 348 405
973 359 405
974 358 506
975 368 436
976 364 425
977 366 426
978 349 348
979 361 480
980 339 452
981 377 474
982 340 443
983 350 483
984 357 350
985 348 469
986 377 450
987 354 391
988 351 491
989 373 345
990 355 348
991 359 404
992 340 442
993 386 461
994 360 508
995 353 410
996 379 582
997 349 388
998 365 448
999 342 382
1000 373 413
1 367 559
2 363 431
3 369 515
4 381 408
5 382 455
6 358 451
7 374 342
8 361 478
9 398 498
10 345 473
11 352 505
12 371 470
13 349 385
14 382 562
15 375 482
16 354 393
17 374 482
18 386 420
19 356 502
20 347 306
21 369 424
22 358 475
23 360 480
24 380 465
25 347 499
26 373 433
27 365 472
28 370 443
29 370 494
30 359 488
31 361 339
32 359 407
33 377 373
34 374 413
35 368 395
36 359 495
37 368 402
38 379 441
39 369 527
40 379 588
41 367 491
42 342 380
43 381 392
44 342 415
45 370 420
46 351 504
47 376 406
48 350 425
49 369 483
50 357 447
51 350 500
52 387 390
53 334 406
54 399 496
55 340 395
56 362 527
57 353 388
58 371 468
59 375 501
60 349 452
61 367 473
62 347 568
63 378 528
64 378 515
65 361 545
66 377 451
67 379 469
68 347 461
69 385 591
70 357 316
71 390 519
72 368 410
73 392 456
74 365 421
75 356 427
76 371 452
77 364 384
78 391 506
79 339 440
80 376 406
81 359 387
82 376 475
83 355 485
84 374 507
85 364 453
86 357 429
87 369 402
88 374 442
89 363 400
90 381 542
91 372 315
92 366 442
93 382 398
94 387 546
95 371 450
96 362 410
97 371 429
98 375 396
99 345 540
100 371 414
101 367 455
102 374 426
103 357 473
104 348 351
105 369 514
106 370 461
107 371 493
108 348 386
109 370 416
110 362 435
111 381 510
112 345 406
113 370 528
114 365 447
115 368 495
116 364 427
117 380 520
118 366 410
119 382 462
120 352 412
121 364 366
122 358 446
123 390 480
124 353 443
125 372 467
126 363 399
127 360 472
128 375 448
129 351 435
130 360 416
131 371 482
132 362 412
133 345 433
134 380 385
135 357 417
136 375 506
137 364 463
138 361 394
139 390 425
140 372 454
141 382 322
142 374 482
143 371 527
144 367 482
145 376 438
146 354 581
147 352 326
148 369 425
149 362 407
150 361 485
151 365 596
152 362 469
153 379 440
154 366 461
155 377 379
156 356 400
157 375 425
158 382 424
159 358 409
160 370 399
161 369 421
162 379 462
163 364 428
164 374 439
165 366 441
166 377 447
167 366 474
168 350 409
169 370 436
170 365 415
171 359 405
172 378 500
173 355 409
174 369 346
175 374 472
176 377 393
177 324 404
178 383 437
179 385 463
180 351 401
181 358 389
182 378 582
183 355 461
184 373 473
185 379 438
186 378 500
187 368 371
188 373 438
189 372 532
190 372 378
191 367 452
192 373 437
193 355 473
194 369 345
195 362 411
196 372 494
197 380 361
198 354 418
199 365 380
200 376 426
201 367 439
202 382 418
203 362 364
204 372 422
205 361 467
206 367 439
207 365 387
208 362 374
209 357 472
210 367 480
211 362 428
212 358 425
213 364 411
214 373 444
215 360 368
216 368 412
217 382 453
218 362 447
219 381 533
220 361 477
221 365 363
222 367 437
223 367 527
224 358 432
225 373 442
226 366 419
227 375 389
228 381 491
229 369 409
230 354 362
231 378 385
232 352 403
233 356 362
234 322 365
235 365 375
236 352 390
237 357 448
238 357 403
239 328 360
240 374 407
241 335 387
242 353 380
243 354 495
244 330 446
245 366 359
246 330 418
247 352 428
248 344 360
249 351 437
250 336 419
251 356 363
252 343 477
253 356 373
254 367 402
255 347 409
256 357 377
257 335 465
258 369 502
259 335 368
260 367 464
261 328 341
262 353 330
263 346 338
264 349 372
265 358 419
266 349 391
267 335 386
268 355 400
269 342 399
270 356 391
271 355 370
272 358 413
273 342 370
274 347 435
275 348 497
276 347 399
277 340 343
278 363 426
279 332 283
280 350 380
281 366 424
282 341 392
283 332 345
284 373 404
285 337 405
286 367 397
287 338 454
288 347 356
289 358 347
290 360 442
291 368 441
292 355 464
293 337 450
294 363 525
295 330 376
296 358 444
297 342 343
298 361 302
299 353 400
300 333 356
301 370 402
302 326 370
303 381 392
304 347 422
305 363 391
306 331 459
307 357 423
308 363 441
309 356 366
310 359 402
311 348 375
312 346 285
313 355 296
314 353 427
315 358 408
316 362 404
317 346 338
318 351 373
319 340 384
320 354 417
321 342 254
322 362 380
323 340 382
324 348 349
325 342 403
326 357 396
327 373 475
328 358 285
329 356 359
330 325 346
331 364 424
332 345 342
333 353 346
334 347 355
335 342 405
336 353 431
337 330 416
338 347 419
339 355 338
340 355 314
341 337 375
342 361 395
343 343 338
344 341 428
345 373 452
346 351 464
347 358 503
348 355 417
349 343 324
350 364 411
351 348 357
352 346 475
353 361 454
354 344 495
355 369 430
356 359 306
357 366 449
358 357 361
359 348 409
360 324 415
361 364 411
362 351 425
363 355 461
364 343 333
365 353 379
366 332 300
367 366 429
368 339 346
369 356 458
370 348 426
371 346 452
372 350 352
373 354 347
374 343 356
375 358 398
376 335 316
377 353 439
378 361 431
379 336 395
380 363 345
381 325 395
382 366 381
383 362 491
384 347 412
385 350 359
386 365 397
387 362 315
388 362 441
389 361 388
390 379 472
391 321 399
392 374 378
393 340 350
394 368 352
395 351 406
396 356 547
397 358 417
398 350 421
399 357 509
400 364 449
401 354 362
402 360 468
403 355 447
404 368 423
405 351 353
406 357 417
407 367 481
408 352 440
409 353 376
410 359 458
411 341 356
412 357 383
413 346 428
414 369 430
415 362 436
416 374 421
417 353 457
418 369 482
419 366 466
420 378 455
421 353 400
422 374 391
423 349 424
424 368 345
425 370 408
426 356 347
427 371 503
428 357 431
429 377 438
430 362 421
431 394 480
432 351 382
433 369 398
434 361 397
435 365 505
436 370 415
437 364 546
438 371 492
439 368 434
440 368 367
441 358 453
442 381 460
443 358 500
444 397 415
445 370 448
446 369 406
447 373 471
448 362 366
449 377 436
450 384 456
451 380 474
452 359 458
453 353 414
454 362 337
455 337 353
456 385 480
457 344 416
458 377 450
459 355 395
460 358 297
461 381 390
462 359 410
463 367 431
464 357 465
465 370 454
466 347 379
467 370 404
468 363 400
469 366 473
470 381 465
471 353 404
472 378 453
473 383 419
474 353 372
475 374 425
476 389 419
477 358 422
478 357 387
479 357 465
480 355 440
481 373 439
482 360 507
483 374 442
484 363 484
485 348 448
486 363 432
487 356 432
488 358 343
489 361 429
490 341 375
491 393 471
492 353 395
493 382 489
494 347 369
495 354 481
496 358 375
497 348 392
498 357 394
499 355 387
500 356 478
501 358 457
502 352 431
503 359 464
504 355 394
505 361 386
506 361 358
507 364 293
508 353 360
509 368 371
510 370 388
511 365 449
512 364 403
513 352 351
514 371 377
515 364 449
516 382 385
517 379 447
518 369 514
519 367 400
520 356 349
521 355 423
522 370 553
523 358 450
524 366 435
525 368 530
526 364 436
527 373 436
528 344 379
529 363 417
530 369 348
531 358 420
532 359 444
533 365 405
534 357 456
535 377 458
536 350 436
537 376 363
538 349 442
539 362 449
540 351 389
541 378 447
542 350 365
543 365 364
544 363 403
545 364 428
546 358 401
547 371 473
548 369 433
549 373 324
550 370 449
551 374 432
552 378 464
553 350 405
554 360 401
555 349 388
556 368 416
557 359 383
558 362 389
559 366 445
560 353 396
561 368 429
562 366 374
563 375 492
564 370 411
565 370 407
566 363 444
567 365 476
568 376 495
569 353 388
570 343 351
571 355 393
572 352 342
573 376 443
574 365 416
575 374 429
576 352 397
577 380 393
578 365 429
579 377 373
580 362 350
581 375 497
582 386 418
583 359 345
584 358 422
585 377 452
586 374 432
587 368 402
588 368 366
589 361 433
590 366 373
591 375 435
592 357 389
593 359 495
594 376 517
595 351 496
596 370 438
597 355 413
598 357 403
599 374 407
600 361 475
601 371 401
602 350 473
603 369 436
604 349 353
605 343 465
606 374 409
607 361 584
608 361 458
609 352 386
610 388 511
611 359 504
612 386 373
613 351 386
614 365 391
615 351 419
616 378 396
617 362 398
618 354 366
619 362 390
620 376 404
621 375 354
622 365 485
623 354 402
624 360 438
625 358 453
626 377 523
627 360 396
628 378 465
629 380 526
630 366 402
631 365 453
632 358 453
633 361 438
634 351 353
635 367 421
636 339 324
637 363 370
638 373 386
639 371 371
640 354 451
641 387 382
642 384 467
643 360 444
644 364 413
645 369 394
646 375 415
647 372 461
648 370 422
649 364 390
650 360 379
651 361 354
652 345 373
653 377 401
654 353 478
655 359 409
656 351 411
657 365 420
658 360 420
659 362 352
660 376 419
661 353 453
662 372 409
663 356 351
664 364 529
665 374 451
666 396 519
667 361 407
668 386 455
669 350 441
670 386 466
671 340 424
672 379 365
673 338 447
674 375 437
675 351 376
676 367 418
677 361 375
678 359 445
679 372 482
680 364 464
681 379 389
682 368 503
683 373 458
684 378 431
685 348 431
686 376 520
687 346 347
688 387 418
689 377 446
690 352 488
691 388 467
692 369 430
693 359 381
694 369 468
695 375 430
696 355 509
697 377 456
698 368 415
699 377 464
700 381 487
701 362 386
702 372 525
703 348 351
704 372 446
705 370 416
706 359 431
707 375 448
708 367 416
709 380 388
710 373 457
711 360 419
712 361 481
713 351 456
714 358 461
715 372 409
716 342 364
717 366 459
718 350 457
719 370 428
720 361 464
721 360 445
722 363 492
723 362 444
724 352 502
725 381 458
726 342 447
727 392 460
728 358 549
729 370 450
730 351 446
731 375 377
732 359 398
733 379 429
734 366 453
735 363 424
736 373 497
737 362 446
738 358 403
739 363 383
740 347 393
741 357 423
742 361 497
743 369 423
744 355 337
745 358 430
746 366 462
747 327 390
748 373 549
749 360 442
750 356 388
751 361 409
752 359 400
753 358 342
754 359 330
755 365 396
756 351 418
757 379 479
758 309 393
759 390 516
760 340 436
761 375 358
762 367 396
763 372 365
764 374 420
765 360 455
766 351 338
767 364 372
768 353 365
769 366 464
770 360 417
771 363 473
772 364 509
773 358 344
774 361 473
775 349 534
776 362 408
777 345 399
778 366 419
779 364 380
780 360 422
781 358 423
782 352 437
783 340 496
784 359 399
785 359 491
786 364 553
787 383 420
788 339 390
789 377 472
790 373 405
791 366 431
792 380 431
793 354 465
794 371 402
795 355 392
796 358 421
797 359 401
798 368 466
799 360 358
800 365 404
801 351 404
802 391 461
803 345 403
804 380 438
805 363 452
806 366 378
807 352 275
808 378 460
809 359 486
810 365 355
811 361 396
812 357 513
813 355 409
814 359 388
815 365 361
816 367 418
817 353 357
818 379 465
819 375 463
820 346 377
821 357 389
822 359 446
823 369 472
824 356 339
825 351 437
826 369 446
827 352 335
828 357 391
829 369 414
830 378 508
831 352 441
832 346 480
833 372 406
834 361 400
835 367 539
836 343 306
837 367 393
838 360 408
839 348 420
840 371 432
841 357 434
842 371 410
843 343 395
844 368 401
845 359 396
846 359 431
847 366 395
848 367 372
849 340 413
850 375 418
851 373 391
852 371 494
853 381 390
854 362 473
855 356 354
856 366 496
857 353 505
858 362 437
859 378 453
860 367 346
861 353 376
862 364 447
863 357 371
864 355 426
865 358 428
866 350 435
867 375 352
868 352 452
869 374 371
870 343 417
871 374 408
872 348 465
873 374 449
874 353 448
875 382 379
876 358 411
877 367 393
878 369 446
879 367 400
880 349 336
881 370 441
882 345 378
883 374 472
884 361 419
885 351 443
886 373 362
887 360 388
888 355 369
889 360 432
890 345 417
891 369 384
892 363 349
893 369 380
894 347 447
895 371 414
896 354 521
897 363 380
898 360 386
899 377 404
900 360 379
901 359 348
902 340 354
903 375 461
904 356 369
905 354 478
906 382 443
907 352 416
908 380 408
909 355 458
910 377 457
911 364 371
912 359 429
913 353 353
914 370 360
915 361 429
916 347 308
917 360 486
918 363 404
919 350 450
920 365 469
921 358 486
922 350 446
923 343 438
924 366 465
925 330 434
926 361 398
927 350 396
928 367 471
929 370 458
930 360 405
931 368 351
932 384 397
933 373 454
934 342 333
935 365 465
936 363 399
937 365 443
938 355 405
939 349 434
940 362 410
941 356 506
942 350 334
943 364 437
944 351 345
945 372 429
946 377 388
947 346 462
948 363 361
949 354 356
950 364 346
951 370 394
952 364 430
953 355 433
954 375 446
955 336 383
956 369 395
957 348 407
958 369 383
959 338 413
960 368 426
961 352 403
962 370 333
963 353 496
964 353 397
965 357 373
966 373 488
967 366 472
968 361 349
969 359 466
970 370 406
971 364 407
972 368 456
973 354 430
974 355 342
975 355 444
976 371 435
977 362 363
978 362 468
979 363 379
980 368 492
981 364 526
982 370 354
983 337 432
984 364 409
985 340 397
986 386 438
987 353 445
988 379 486
989 351 441
990 365 453
991 369 442
992 367 429
993 349 483
994 364 451
995 358 422
996 350 349
997 369 367
998 358 391
999 375 346
1000 356 495
1 344 467
2 363 387
3 352 351
4 369 518
5 361 358
6 357 458
7 366 406
8 343 462
9 370 410
10 367 475
11 376 431
12 378 482
13 338 419
14 362 460
15 361 419
16 353 380
17 366 441
18 372 470
19 354 450
20 367 412
21 358 427
22 348 425
23 381 419
24 350 535
25 377 411
26 348 477
27 358 389
28 377 549
29 379 317
30 343 392
31 364 325
32 365 388
33 352 390
34 350 391
35 372 469
36 348 355
37 359 461
38 370 353
39 346 488
40 378 484
41 366 401
42 369 433
43 355 447
44 370 518
45 352 467
46 366 478
47 349 547
48 371 426
49 361 372
50 372 422
51 359 441
52 364 398
53 357 515
54 366 314
55 362 406
56 353 423
57 351 520
58 364 389
59 342 391
60 360 459
61 355 471
62 361 379
63 352 441
64 361 395
65 354 461
66 370 509
67 352 459
68 363 422
69 366 455
70 368 378
71 365 413
72 349 364
73 371 397
74 335 328
75 380 415
76 318 395
77 385 374
78 331 438
79 387 513
80 351 439
81 368 463
82 358 453
83 347 428
84 357 368
85 357 424
86 362 353
87 345 378
88 380 412
89 351 432
90 361 300
91 369 592
92 366 428
93 350 418
94 369 485
95 346 446
96 372 502
97 343 382
98 367 386
99 370 441
100 352 428
101 369 402
102 352 343
103 358 419
104 352 336
105 358 337
106 370 459
107 340 392
108 370 422
109 344 394
110 372 514
111 363 466
112 357 359
113 371 384
114 349 457
115 358 452
116 362 436
117 365 374
118 371 468
119 362 368
120 378 358
121 342 439
122 363 348
123 360 388
124 356 373
125 370 472
126 346 341
127 364 389
128 347 330
129 370 402
130 353 479
131 364 426
132 358 488
133 369 469
134 335 421
135 376 430
136 355 464
137 365 402
138 371 428
139 356 454
140 383 387
141 349 467
142 368 356
143 357 385
144 355 398
145 364 391
146 373 469
147 343 324
148 384 491
149 353 347
150 363 472
151 372 378
152 360 388
153 362 473
154 358 480
155 359 378
156 357 479
157 372 407
158 338 412
159 362 468
160 357 467
161 364 320
162 361 451
163 350 397
164 350 356
165 366 340
166 373 363
167 379 492
168 349 468
169 369 492
170 364 378
171 368 417
172 350 422
173 350 317
174 367 477
175 343 471
176 377 463
177 381 380
178 342 302
179 360 494
180 362 447
181 354 405
182 364 429
183 374 477
184 338 457
185 386 432
186 327 417
187 357 360
188 345 423
189 357 457
190 373 472
191 367 421
192 358 342
193 344 472
194 365 433
195 340 378
196 374 333
197 340 397
198 365 445
199 369 485
200 350 425
201 383 449
202 361 523
203 372 330
204 366 419
205 349 455
206 366 421
207 363 546
208 351 412
209 379 422
210 361 319
211 371 496
212 377 432
213 366 425
214 359 456
215 381 416
216 344 479
217 355 406
218 358 392
219 357 487
220 365 462
221 358 378
222 361 412
223 364 512
224 365 404
225 386 419
226 340 477
227 375 329
228 359 378
229 355 480
230 360 436
231 352 425
232 373 534
233 352 391
234 351 481
235 363 395
236 367 376
237 356 466
238 344 428
239 382 478
240 333 406
241 377 387
242 344 350
243 362 413
244 349 367
245 379 491
246 360 409
247 354 486
248 358 378
249 362 427
250 351 349
251 346 455
252 364 393
253 370 491
254 377 390
255 356 448
256 381 516
257 371 483
258 363 462
259 365 431
260 357 439
261 358 446
262 342 388
263 370 459
264 343 391
265 369 401
266 351 451
267 369 452
268 353 467
269 365 402
270 375 485
271 364 445
272 349 352
273 365 318
274 369 502
275 364 437
276 370 422
277 340 481
278 386 531
279 324 375
280 377 423
281 356 471
282 347 420
283 365 444
284 358 481
285 348 406
286 376 400
287 351 429
288 354 473
289 341 453
290 385 370
291 346 431
292 372 376
293 333 382
294 364 294
295 347 414
296 363 421
297 370 437
298 347 460
299 358 360
300 355 452
301 358 415
302 369 479
303 344 369
304 370 339
305 362 396
306 370 344
307 363 448
308 353 418
309 388 499
310 323 312
311 383 379
312 348 397
313 370 375
314 362 456
315 355 349
316 387 430
317 366 470
318 376 447
319 366 400
320 357 438
321 377 424
322 357 414
323 373 382
324 347 451
325 370 411
326 366 454
327 358 398
328 368 463
329 353 329
330 370 377
331 375 459
332 374 513
333 370 450
334 364 332
335 355 400
336 351 391
337 365 472
338 364 436
339 370 446
340 340 405
341 362 431
342 335 382
343 366 369
344 351 431
345 372 470
346 349 456
347 357 366
348 354 377
349 368 482
350 358 591
351 366 411
352 353 388
353 364 308
354 377 474
355 358 376
356 358 410
357 361 448
358 373 420
359 378 498
360 357 418
361 374 355
362 341 434
363 366 465
364 348 413
365 355 396
366 360 462
367 376 456
368 353 298
369 353 404
370 366 489
371 355 357
372 363 373
373 357 411
374 368 424
375 368 439
376 370 405
377 355 472
378 375 403
379 355 415
380 380 472
381 351 450
382 384 418
383 338 390
384 402 510
385 344 396
386 387 386
387 371 411
388 357 318
389 369 532
390 354 378
391 354 423
392 379 408
393 366 389
394 344 373
395 371 522
396 353 365
397 358 335
398 326 395
399 366 436
400 354 370
401 373 392
402 362 374
403 338 355
404 363 393
405 346 376
406 377 452
407 356 451
408 370 417
409 361 486
410 348 370
411 368 385
412 364 434
413 362 425
414 363 508
415 359 330
416 366 415
417 348 416
418 377 467
419 355 456
420 361 402
421 370 457
422 351 478
423 373 511
424 367 585
425 363 440
426 346 412
427 370 400
428 343 329
429 385 438
430 344 359
431 369 440
432 354 397
433 379 438
434 387 428
435 348 393
436 374 404
437 374 463
438 345 433
439 368 374
440 334 424
441 366 451
442 369 370
443 338 366
444 373 428
445 354 451
446 354 444
447 375 370
448 369 423
449 358 434
450 377 490
451 366 508
452 365 392
453 354 374
454 374 418
455 351 408
456 385 432
457 353 435
458 371 450
459 359 425
460 362 358
461 378 495
462 354 378
463 364 408
464 355 416
465 373 372
466 345 470
467 363 419
468 362 390
469 367 512
470 360 467
471 349 499
472 356 417
473 366 360
474 373 377
475 366 468
476 341 370
477 367 363
478 348 420
479 357 328
480 348 477
481 379 479
482 353 397
483 375 475
484 367 458
485 369 374
486 352 376
487 381 372
488 371 338
489 359 386
490 382 478
491 350 419
492 368 407
493 348 475
494 368 411
495 352 354
496 372 430
497 341 367
498 370 416
499 349 449
500 377 412
501 341 404
502 378 486
503 361 415
504 357 397
505 375 503
506 354 386
507 346 448
508 378 381
509 362 426
510 383 454
511 353 420
512 356 372
513 347 498
514 364 466
515 376 467
516 357 460
517 344 400
518 359 410
519 341 433
520 354 389
521 357 390
522 364 368
523 365 411
524 351 388
525 402 427
526 328 357
527 387 354
528 347 414
529 365 472
530 362 474
531 358 448
532 351 352
533 373 377
534 340 394
535 362 397
536 340 366
537 373 409
538 350 394
539 373 309
540 359 434
541 369 444
542 354 345
543 379 448
544 355 351
545 361 324
546 374 371
547 369 423
548 362 423
549 361 366
550 371 327
551 374 409
552 368 485
553 369 383
554 369 417
555 351 383
556 366 416
557 375 371
558 358 405
559 355 449
560 341 475
561 374 478
562 357 377
563 349 412
564 365 517
565 351 359
566 367 436
567 346 515
568 368 353
569 350 431
570 345 414
571 375 485
572 341 337
573 361 481
574 363 509
575 370 396
576 353 427
577 370 288
578 348 414
579 380 485
580 374 517
581 360 440
582 367 389
583 372 434
584 381 389
585 359 316
586 346 446
587 367 406
588 357 301
589 371 410
590 369 380
591 368 400
592 356 477
593 362 371
594 366 458
595 355 460
596 353 390
597 370 478
598 369 357
599 348 394
600 368 334
601 384 437
602 352 463
603 384 463
604 366 412
605 359 510
606 383 539
607 361 420
608 379 496
609 356 476
610 356 518
611 379 569
612 343 412
613 387 352
614 350 445
615 358 467
616 371 515
617 361 447
618 366 430
619 380 414
620 361 398
621 348 459
622 370 409
623 363 403
624 354 474
625 378 411
626 357 442
627 371 461
628 370 390
629 367 462
630 351 460
631 377 445
632 340 365
633 367 374
634 365 425
635 355 411
636 360 443
637 372 442
638 370 508
639 366 535
640 365 429
641 354 354
642 371 392
643 376 465
644 362 445
645 364 502
646 361 457
647 356 478
648 354 372
649 367 558
650 377 344
651 344 477
652 375 434
653 378 353
654 345 385
655 386 436
656 363 414
657 366 427
658 355 396
659 367 439
660 361 549
661 351 414
662 379 405
663 355 425
664 348 409
665 348 357
666 362 406
667 352 430
668 365 447
669 364 391
670 381 496
671 366 386
672 366 408
673 365 416
674 373 427
675 349 380
676 376 439
677 376 406
678 370 591
679 383 428
680 361 400
681 365 429
682 373 466
683 363 434
684 378 496
685 332 400
686 367 453
687 363 429
688 374 469
689 370 455
690 387 474
691 360 423
692 375 437
693 354 508
694 373 401
695 351 376
696 366 412
697 383 474
698 355 391
699 376 450
700 369 484
701 362 384
702 376 439
703 348 368
704 388 416
705 349 391
706 376 383
707 338 373
708 369 425
709 341 422
710 371 453
711 365 404
712 392 611
713 382 464
714 365 403
715 390 456
716 368 389
717 376 388
718 366 470
719 359 515
720 386 518
721 367 352
722 385 347
723 365 383
724 369 426
725 356 417
726 369 456
727 371 481
728 343 341
729 381 448
730 355 374
731 374 413
732 355 330
733 380 436
734 364 464
735 378 442
736 353 450
737 364 434
738 363 454
739 386 412
740 357 430
741 369 512
742 367 562
743 377 515
744 355 361
745 379 519
746 351 423
747 359 512
748 372 430
749 374 475
750 367 370
751 373 459
752 398 556
753 359 365
754 389 491
755 366 426
756 364 452
757 386 381
758 348 412
759 391 442
760 395 474
761 360 397
762 391 403
763 373 329
764 363 402
765 377 425
766 381 462
767 353 357
768 367 484
769 349 394
770 367 389
771 332 345
772 377 397
773 360 478
774 385 516
775 348 444
776 377 465
777 359 502
778 369 450
779 348 566
780 366 500
781 352 413
782 390 446
783 352 461
784 368 360
785 354 453
786 363 427
787 357 457
788 368 363
789 350 457
790 376 379
791 352 407
792 376 391
793 374 334
794 352 404
795 370 375
796 370 437
797 387 362
798 335 472
799 383 498
800 352 461
801 368 375
802 367 518
803 364 487
804 341 392
805 382 434
806 374 404
807 349 464
808 366 384
809 351 457
810 359 358
811 375 397
812 368 310
813 371 407
814 365 444
815 381 444
816 361 443
817 384 385
818 347 461
819 369 449
820 358 429
821 390 417
822 348 360
823 387 421
824 389 475
825 369 420
826 379 451
827 377 451
828 360 430
829 382 401
830 356 532
831 366 475
832 361 385
833 375 444
834 353 388
835 381 452
836 355 457
837 360 399
838 356 468
839 354 431
840 353 349
841 357 378
842 360 457
843 371 470
844 362 412
845 371 491
846 377 462
847 362 399
848 372 476
849 365 407
850 369 394
851 368 376
852 368 395
853 355 395
854 371 438
855 359 454
856 372 414
857 353 488
858 387 438
859 346 394
860 372 409
861 367 472
862 361 451
863 355 420
864 372 502
865 362 457
866 376 410
867 361 496
868 395 512
869 351 414
870 369 341
871 361 463
872 373 408
873 377 400
874 379 485
875 364 442
876 364 383
877 350 443
878 377 406
879 363 438
880 373 470
881 364 529
882 375 470
883 350 443
884 380 413
885 356 401
886 368 424
887 363 383
888 374 544
889 365 396
890 383 494
891 357 456
892 389 403
893 334 467
894 374 405
895 357 404
896 358 464
897 375 464
898 355 377
899 376 560
900 360 351
901 381 377
902 368 428
903 372 447
904 362 413
905 378 408
906 351 411
907 375 403
908 363 479
909 353 431
910 370 394
911 364 369
912 373 402
913 379 525
914 368 530
915 375 425
916 377 366
917 372 412
918 352 365
919 386 442
920 356 399
921 364 419
922 355 373
923 373 382
924 378 330
925 376 450
926 356 369
927 372 388
928 364 490
929 367 412
930 353 486
931 354 463
932 363 406
933 343 453
934 362 416
935 366 375
936 347 419
937 352 398
938 359 487
939 359 375
940 352 438
941 364 427
942 334 398
943 355 449
944 365 504
945 334 445
946 355 357
947 349 406
948 344 326
949 356 360
950 347 383
951 356 361
952 357 344
953 338 415
954 379 469
955 343 355
956 371 475
957 343 362
958 347 324
959 357 382
960 365 454
961 346 356
962 363 373
963 343 532
964 365 484
965 355 360
966 360 409
967 358 471
968 373 528
969 353 420
970 355 385
971 358 382
972 350 398
973 366 457
974 358 357
975 355 397
976 348 297
977 352 406
978 357 402
979 365 397
980 335 403
981 360 368
982 345 326
983 362 436
984 351 291
985 354 418
986 346 381
987 347 362
988 333 413
989 370 371
990 340 477
991 373 458
992 334 433
993 367 467
994 362 430
995 337 424
996 365 502
997 330 395
998 365 350
999 357 358
1000 361 428
1 354 526
2 345 391
3 359 758
4 346 485
5 359 508
6 346 685
7 364 445
8 364 426
9 360 755
10 337 441
11 362 678
12 352 351
13 355 680
14 345 488
15 362 451
16 340 752
17 376 407
18 378 434
19 355 527
20 341 423
21 366 705
22 337 409
23 352 355
24 359 681
25 359 449
26 349 725
27 345 509
28 337 362
29 346 712
30 365 543
31 359 689
32 341 395
33 353 723
34 357 403
35 360 676
36 351 263
37 364 650
38 334 455
39 364 738
40 350 513
41 347 446
42 351 572
43 361 354
44 351 715
45 352 321
46 347 692
47 343 558
48 355 399
49 337 728
50 363 546
51 364 711
52 343 388
53 352 311
54 336 672
55 346 344
56 351 423
57 338 600
58 363 398
59 356 631
60 358 512
61 353 420
62 353 735
63 356 525
64 363 456
65 360 484
66 360 400
67 355 767
68 358 413
69 363 728
70 340 411
71 348 618
72 348 594
73 369 588
74 360 337
75 337 733
76 365 555
77 350 455
78 355 744
79 356 413
80 347 688
81 361 392
82 331 630
83 358 576
84 332 374
85 368 637
86 362 377
87 336 529
88 371 445
89 349 463
90 352 650
91 355 477
92 345 396
93 359 610
94 337 562
95 363 382
96 341 610
97 351 532
98 336 644
99 353 531
100 354 439
101 343 739
102 360 604
103 323 377
104 375 659
105 347 430
106 367 360
107 366 636
108 340 433
109 352 677
110 358 494
111 337 769
112 358 551
113 337 603
114 336 418
115 346 398
116 336 432
117 357 714
118 343 434
119 368 691
120 356 473
121 348 343
122 355 639
123 356 364
124 346 370
125 338 720
126 364 450
127 354 727
128 359 329
129 350 437
130 352 385
131 358 641
132 352 412
133 362 361
134 364 630
135 358 421
136 361 642
137 346 411
138 371 744
139 350 355
140 362 673
141 353 545
142 344 583
143 355 454
144 350 728
145 360 455
146 346 609
147 359 456
148 355 550
149 348 456
150 368 644
151 362 534
152 340 687
153 369 421
154 331 599
155 384 420
156 347 649
157 347 408
158 350 434
159 340 621
160 360 571
161 338 403
162 358 723
163 350 572
164 347 629
165 353 509
166 336 424
167 352 621
168 350 465
169 331 433
170 351 612
171 349 538
172 355 439
173 335 691
174 358 522
175 356 644
176 347 425
177 352 775
178 350 367
179 352 591
180 351 509
181 352 475
182 351 408
183 338 450
184 356 437
185 338 512
186 369 398
187 355 441
188 357 691
189 350 416
190 365 748
191 341 348
192 358 675
193 342 346
194 355 707
195 358 383
196 336 639
197 359 447
198 357 441
199 344 322
200 347 538
201 367 438
202 369 579
203 338 440
204 344 670
205 352 545
206 338 658
207 359 493
208 344 447
209 358 591
210 352 435
211 355 520
212 336 633
213 356 559
214 362 451
215 348 478
216 345 681
217 349 497
218 344 370
219 356 460
220 348 630
221 348 514
222 357 343
223 361 405
224 348 416
225 356 361
226 353 532
227 345 394
228 362 493
229 347 309
230 355 307
231 336 439
232 349 389
233 354 595
234 359 441
235 350 640
236 350 426
237 356 621
238 346 508
239 360 481
240 349 622
241 337 538
242 356 553
243 341 461
244 351 410
245 360 482
246 331 312
247 351 350
248 338 467
249 353 652
250 345 530
251 350 474
252 342 659
253 359 345
254 354 556
255 349 394
256 356 357
257 361 600
258 358 412
259 327 355
260 368 628
261 353 458
262 337 570
263 350 374
264 358 596
265 326 379
266 343 458
267 364 518
268 357 411
269 345 539
270 360 489
271 345 664
272 357 413
273 353 402
274 350 582
275 360 350
276 351 647
277 358 479
278 358 669
279 338 408
280 341 447
281 359 480
282 356 326
283 366 644
284 367 422
285 344 588
286 348 391
287 358 402
288 349 350
289 370 408
290 346 577
291 364 458
292 351 618
293 335 492
294 340 388
295 342 610
296 350 421
297 357 510
298 340 400
299 357 414
300 361 487
301 368 427
302 328 434
303 369 535
304 365 468
305 354 395
306 362 409
307 341 789
308 355 414
309 348 637
310 352 357
311 358 591
312 349 385
313 366 530
314 344 476
315 355 727
316 365 461
317 342 686
318 369 509
319 343 661
320 365 459
321 368 666
322 341 310
323 367 685
324 366 485
325 352 489
326 362 543
327 339 624
328 358 470
329 342 373
330 365 691
331 329 386
332 360 462
333 351 770
334 370 535
335 350 731
336 343 310
337 362 513
338 332 606
339 354 610
340 348 411
341 362 758
342 339 377
343 360 465
344 342 747
345 351 424
346 342 633
347 375 584
348 328 657
349 360 512
350 346 694
351 342 391
352 363 388
353 350 619
354 364 410
355 335 534
356 351 649
357 342 376
358 354 671
359 341 461
360 361 628
361 347 522
362 352 409
363 356 719
364 351 477
365 354 621
366 355 503
367 349 374
368 367 627
369 349 516
370 349 381
371 357 663
372 338 384
373 367 487
374 324 397
375 359 646
376 338 520
377 352 466
378 341 523
379 355 327
380 358 398
381 341 363
382 360 472
383 353 412
384 362 345
385 337 398
386 371 403
387 341 373
388 356 346
389 363 561
390 356 361
391 351 471
392 362 427
393 351 419
394 379 454
395 338 421
396 358 398
397 366 437
398 337 359
399 346 391
400 351 419
401 354 377
402 339 360
403 347 392
404 333 428
405 350 386
406 340 381
407 357 366
408 350 352
409 355 427
410 354 453
411 367 385
412 360 402
413 347 291
414 340 413
415 355 416
416 330 325
417 370 386
418 339 397
419 350 386
420 365 435
421 341 383
422 352 367
423 357 355
424 358 339
425 341 381
426 346 386
427 351 389
428 355 439
429 364 403
430 354 421
431 345 358
432 346 414
433 353 346
434 352 370
435 358 382
436 341 350
437 354 306
438 350 378
439 371 465
440 339 435
441 371 417
442 347 447
443 348 392
444 357 391
445 352 420
446 366 421
447 334 368
448 350 378
449 370 512
450 352 341
451 359 416
452 343 352
453 373 492
454 345 440
455 352 453
456 353 409
457 357 372
458 349 314
459 362 477
460 343 402
461 360 489
462 368 403
463 336 341
464 358 378
465 346 440
466 351 386
467 342 345
468 384 350
469 358 416
470 348 333
471 374 383
472 344 408
473 353 447
474 358 426
475 371 491
476 356 439
477 353 401
478 357 360
479 345 408
480 368 422
481 357 402
482 338 389
483 367 431
484 334 383
485 363 394
486 355 414
487 357 354
488 371 465
489 368 390
490 349 523
491 341 367
492 360 385
493 344 454
494 352 384
495 348 384
496 340 442
497 367 418
498 352 424
499 340 382
500 357 349
501 345 416
502 368 372
503 352 428
504 377 372
505 328 329
506 359 360
507 354 516
508 348 406
509 375 423
510 379 500
511 339 392
512 368 465
513 365 379
514 357 367
515 355 469
516 349 371
517 366 390
518 363 398
519 370 392
520 336 300
521 372 444
522 354 349
523 359 431
524 355 349
525 367 417
526 348 396
527 380 330
528 351 436
529 369 328
530 358 440
531 358 405
532 351 365
533 346 385
534 358 387
535 376 411
536 338 336
537 354 503
538 366 451
539 354 385
540 365 356
541 350 432
542 366 404
543 366 403
544 356 430
545 355 405
546 356 412
547 341 355
548 378 467
549 343 440
550 349 383
551 361 397
552 353 452
553 344 379
554 353 379
555 364 375
556 343 401
557 357 358
558 364 363
559 359 480
560 358 441
561 363 405
562 349 332
563 359 378
564 343 429
565 360 426
566 352 415
567 356 441
568 352 407
569 371 337
570 357 408
571 365 331
572 357 421
573 358 402
574 367 421
575 353 404
576 362 390
577 338 332
578 362 367
579 340 353
580 372 520
581 341 399
582 376 403
583 330 269
584 366 352
585 353 406
586 363 376
587 353 408
588 350 335
589 359 447
590 365 382
591 339 498
592 367 353
593 356 374
594 367 360
595 347 386
596 385 396
597 322 435
598 368 416
599 334 426
600 360 346
601 357 365
602 355 378
603 353 353
604 359 470
605 338 362
606 360 463
607 361 430
608 351 421
609 372 404
610 370 301
611 354 478
612 357 391
613 372 428
614 346 343
615 363 368
616 344 436
617 386 478
618 368 439
619 359 362
620 346 349
621 365 351
622 346 294
623 376 426
624 343 443
625 361 445
626 363 448
627 353 416
628 360 380
629 360 411
630 357 473
631 373 478
632 348 461
633 351 406
634 369 468
635 342 377
636 375 471
637 346 393
638 349 400
639 347 448
640 371 421
641 358 366
642 346 483
643 372 412
644 370 383
645 369 454
646 355 372
647 375 289
648 357 377
649 363 455
650 348 368
651 375 501
652 350 341
653 351 407
654 363 485
655 346 395
656 356 355
657 363 404
658 353 404
659 349 380
660 352 483
661 366 442
662 368 371
663 346 431
664 374 437
665 343 398
666 367 515
667 358 394
668 359 399
669 355 361
670 355 361
671 358 385
672 352 367
673 354 397
674 369 397
675 360 444
676 366 337
677 353 367
678 330 364
679 377 439
680 315 337
681 389 458
682 302 330
683 386 426
684 346 376
685 373 495
686 351 526
687 364 458
688 344 413
689 370 433
690 340 317
691 363 417
692 342 311
693 375 474
694 369 441
695 349 404
696 366 414
697 333 402
698 372 425
699 352 440
700 364 417
701 362 471
702 354 348
703 344 443
704 352 336
705 357 382
706 359 279
707 356 435
708 370 381
709 365 367
710 377 473
711 347 480
712 358 373
713 351 458
714 356 380
715 347 548
716 358 406
717 344 344
718 371 421
719 341 528
720 359 411
721 341 415
722 352 411
723 341 393
724 350 303
725 357 332
726 371 392
727 325 409
728 362 473
729 339 388
730 357 491
731 364 414
732 350 386
733 365 394
734 370 404
735 351 330
736 360 477
737 341 416
738 364 455
739 338 437
740 368 395
741 332 364
742 363 381
743 338 522
744 365 415
745 336 451
746 360 410
747 337 394
748 379 508
749 355 448
750 359 425
751 347 459
752 363 349
753 343 363
754 349 434
755 352 345
756 365 456
757 342 395
758 366 328
759 355 423
760 341 398
761 359 401
762 353 378
763 356 392
764 363 392
765 357 334
766 344 319
767 349 391
768 354 406
769 362 499
770 337 394
771 366 405
772 338 456
773 348 521
774 355 335
775 347 427
776 362 341
777 350 446
778 344 373
779 359 344
780 354 403
781 355 454
782 370 434
783 346 397
784 367 385
785 350 391
786 352 355
787 361 496
788 358 358
789 353 434
790 352 381
791 367 485
792 350 331
793 370 416
794 373 379
795 359 416
796 363 459
797 347 394
798 341 420
799 340 442
800 360 468
801 344 411
802 379 471
803 340 468
804 369 401
805 358 358
806 362 398
807 358 340
808 346 365
809 351 412
810 361 359
811 363 392
812 358 455
813 364 378
814 354 377
815 364 402
816 343 447
817 384 394
818 337 413
819 378 446
820 360 446
821 357 345
822 364 365
823 355 497
824 380 461
825 347 474
826 365 408
827 365 388
828 349 465
829 347 377
830 344 330
831 347 468
832 354 451
833 333 457
834 361 428
835 348 356
836 346 442
837 363 481
838 354 338
839 349 379
840 355 421
841 347 357
842 364 382
843 357 414
844 340 407
845 366 507
846 353 383
847 363 429
848 344 425
849 371 451
850 341 479
851 362 424
852 334 324
853 367 443
854 350 434
855 336 356
856 355 359
857 349 393
858 337 464
859 362 364
860 344 497
861 350 373
862 343 355
863 360 345
864 331 272
865 358 348
866 332 395
867 361 390
868 343 307
869 364 407
870 362 404
871 360 354
872 345 447
873 354 356
874 362 414
875 343 352
876 355 275
877 348 427
878 368 433
879 346 425
880 357 387
881 332 402
882 345 370
883 338 510
884 350 436
885 362 339
886 352 359
887 362 420
888 354 480
889 348 282
890 368 449
891 326 410
892 374 398
893 340 356
894 372 446
895 337 402
896 384 478
897 332 464
898 374 486
899 347 464
900 352 402
901 377 458
902 333 464
903 348 344
904 369 343
905 346 321
906 377 368
907 361 410
908 355 462
909 365 349
910 341 408
911 360 398
912 342 347
913 356 447
914 352 478
915 349 420
916 366 449
917 339 417
918 358 426
919 363 389
920 350 423
921 366 432
922 332 411
923 374 462
924 345 431
925 365 354
926 345 421
927 360 407
928 335 418
929 377 496
930 337 353
931 351 322
932 360 406
933 332 425
934 367 420
935 362 360
936 361 476
937 376 398
938 370 397
939 362 445
940 347 490
941 369 435
942 336 473
943 374 429
944 343 382
945 370 448
946 344 438
947 357 418
948 365 399
949 364 461
950 348 382
951 366 434
952 359 374
953 351 377
954 363 488
955 360 462
956 341 464
957 364 420
958 379 452
959 354 465
960 371 378
961 361 406
962 354 447
963 369 341
964 358 397
965 357 418
966 366 455
967 358 398
968 351 287
969 363 340
970 360 459
971 363 399
972 343 402
973 364 525
974 372 414
975 370 386
976 370 411
977 363 416
978 370 515
979 349 417
980 375 371
981 357 511
982 370 409
983 346 395
984 372 356
985 346 356
986 362 385
987 348 409
988 347 302
989 366 526
990 385 485
991 355 413
992 373 462
993 357 499
994 366 434
995 356 529
996 374 476
997 334 380
998 369 431
999 349 374
1000 342 453
1 344 497
2 370 446
3 370 551
4 341 451
5 369 481
6 348 315
7 353 446
8 367 439
9 350 430
10 369 476
11 364 447
12 382 480
13 343 413
14 362 510
15 354 406
16 353 416
17 369 575
18 353 544
19 369 429
20 355 496
21 357 436
22 364 391
23 356 537
24 370 494
25 353 490
26 390 616
27 358 392
28 365 526
29 352 411
30 359 486
31 356 382
32 362 502
33 364 407
34 356 471
35 357 424
36 362 440
37 356 460
38 352 455
39 374 457
40 349 410
41 370 429
42 348 536
43 350 327
44 367 469
45 354 576
46 356 314
47 353 513
48 361 360
49 370 541
50 369 435
51 352 400
52 363 451
53 370 505
54 367 410
55 364 444
56 355 433
57 389 409
58 351 463
59 358 545
60 374 419
61 332 414
62 384 571
63 341 468
64 361 429
65 363 520
66 366 353
67 357 425
68 365 460
69 363 394
70 350 398
71 369 460
72 372 553
73 379 483
74 348 543
75 365 460
76 353 401
77 360 426
78 365 401
79 359 427
80 356 417
81 367 414
82 350 459
83 366 484
84 356 389
85 370 457
86 348 441
87 356 424
88 360 413
89 359 420
90 357 355
91 376 405
92 357 409
93 361 388
94 358 434
95 364 422
96 352 407
97 371 363
98 364 387
99 363 436
100 362 471
101 374 460
102 371 350
103 354 460
104 365 413
105 360 501
106 373 420
107 352 502
108 367 501
109 362 395
110 365 398
111 371 357
112 367 415
113 381 433
114 375 486
115 376 494
116 363 364
117 370 387
118 363 482
119 374 378
120 370 549
121 360 530
122 373 449
123 350 456
124 355 334
125 378 476
126 372 468
127 351 485
128 366 441
129 364 504
130 364 397
131 371 400
132 361 429
133 385 492
134 386 453
135 381 453
136 357 454
137 396 465
138 376 454
139 376 505
140 385 399
141 378 474
142 368 441
143 391 563
144 371 392
145 388 452
146 374 439
147 390 336
148 400 441
149 391 436
150 375 481
151 387 461
152 358 474
153 396 427
154 386 474
155 371 430
156 364 508
157 388 413
158 362 428
159 388 472
160 368 416
161 370 439
162 366 550
163 377 431
164 381 397
165 362 428
166 371 322
167 369 498
168 377 445
169 377 517
170 366 411
171 364 423
172 363 467
173 360 455
174 365 525
175 373 435
176 365 449
177 358 462
178 373 419
179 362 407
180 368 392
181 362 467
182 376 375
183 350 263
184 380 438
185 362 447
186 355 370
187 366 428
188 342 314
189 370 485
190 369 520
191 366 480
192 384 526
193 357 457
194 377 524
195 368 401
196 370 416
197 376 456
198 353 520
199 370 418
200 346 379
201 369 409
202 365 410
203 366 432
204 363 410
205 361 400
206 365 433
207 356 459
208 359 385
209 347 288
210 345 411
211 383 380
212 352 503
213 352 441
214 375 495
215 362 387
216 356 417
217 365 398
218 366 408
219 369 470
220 357 426
221 369 515
222 353 428
223 379 470
224 352 386
225 385 437
226 349 437
227 364 437
228 353 411
229 366 393
230 364 430
231 361 416
232 365 439
233 365 357
234 371 466
235 357 347
236 364 388
237 336 470
238 388 496
239 347 379
240 366 461
241 356 355
242 360 427
243 373 529
244 365 387
245 375 330
246 346 376
247 390 492
248 361 471
249 355 549
250 357 402
251 355 448
252 364 490
253 378 503
254 356 485
255 354 436
256 369 428
257 336 445
258 364 450
259 353 491
260 377 409
261 341 512
262 364 594
263 355 565
264 354 453
265 358 445
266 376 423
267 367 611
268 358 537
269 357 502
270 364 495
271 349 573
272 372 409
273 368 485
274 372 451
275 344 425
276 361 590
277 356 513
278 337 410
279 369 582
280 353 365
281 365 509
282 354 418
283 351 406
284 376 581
285 354 398
286 354 429
287 371 400
288 342 478
289 374 351
290 361 592
291 372 572
292 363 490
293 341 432
294 362 519
295 369 463
296 371 545
297 356 464
298 359 478
299 354 523
300 356 356
301 359 456
302 371 575
303 362 426
304 339 437
305 365 532
306 349 428
307 363 466
308 369 415
309 342 603
310 368 521
311 346 398
312 341 443
313 373 517
314 363 471
315 339 434
316 371 458
317 351 476
318 366 403
319 353 477
320 357 408
321 366 521
322 360 369
323 344 425
324 369 384
325 343 511
326 357 421
327 348 377
328 351 438
329 367 490
330 350 460
331 366 508
332 338 415
333 367 437
334 352 591
335 366 494
336 357 353
337 348 525
338 355 373
339 354 436
340 355 483
341 352 477
342 370 529
343 346 479
344 373 483
345 345 397
346 373 504
347 355 449
348 382 538
349 338 481
350 361 353
351 365 372
352 342 542
353 365 412
354 350 418
355 363 527
356 358 515
357 362 438
358 356 476
359 351 330
360 360 435
361 361 399
362 351 446
363 357 413
364 352 386
365 374 414
366 352 445
367 358 450
368 374 359
369 359 388
370 364 470
371 341 380
372 354 370
373 354 412
374 356 480
375 347 404
376 364 413
377 363 504
378 368 500
379 339 374
380 362 338
381 376 383
382 360 388
383 372 457
384 367 395
385 370 362
386 362 463
387 375 511
388 366 584
389 367 434
390 360 366
391 360 427
392 362 456
393 370 532
394 383 432
395 359 414
396 360 357
397 375 489
398 348 524
399 376 394
400 363 392
401 341 394
402 364 369
403 365 373
404 366 393
405 358 486
406 342 455
407 350 360
408 356 419
409 359 473
410 349 416
411 366 451
412 350 371
413 365 434
414 344 425
415 375 426
416 336 403
417 351 372
418 356 350
419 367 352
420 352 453
421 369 532
422 350 486
423 356 492
424 359 442
425 367 397
426 371 490
427 369 447
428 357 386
429 355 416
430 374 439
431 344 416
432 360 465
433 337 469
434 370 450
435 367 450
436 366 486
437 372 469
438 345 429
439 354 407
440 353 403
441 364 401
442 367 428
443 367 368
444 387 499
445 333 421
446 390 371
447 360 461
448 363 404
449 354 422
450 372 448
451 339 457
452 371 377
453 373 403
454 382 608
455 363 427
456 340 391
457 359 481
458 338 375
459 369 419
460 363 405
461 379 460
462 359 523
463 374 477
464 381 465
465 343 388
466 358 307
467 350 336
468 342 429
469 385 448
470 336 409
471 376 407
472 341 474
473 358 426
474 346 428
475 362 486
476 353 355
477 386 503
478 329 420
479 373 446
480 360 516
481 370 398
482 352 382
483 384 383
484 349 404
485 362 470
486 360 388
487 344 391
488 353 401
489 372 309
490 379 398
491 354 460
492 385 424
493 366 434
494 369 376
495 373 361
496 370 422
497 376 506
498 371 494
499 358 441
500 362 404
501 357 380
502 358 453
503 354 411
504 352 385
505 344 451
506 358 380
507 364 369
508 346 404
509 373 491
510 361 365
511 370 389
512 360 402
513 370 438
514 370 395
515 379 388
516 333 374
517 384 452
518 338 437
519 376 407
520 357 415
521 386 427
522 364 427
523 361 509
524 380 435
525 373 423
526 367 438
527 372 485
528 363 448
529 368 464
530 341 427
531 374 462
532 371 424
533 342 450
534 364 361
535 363 425
536 358 443
537 355 424
538 368 420
539 352 380
540 368 435
541 349 446
542 360 426
543 344 462
544 382 453
545 353 458
546 368 443
547 360 414
548 361 399
549 344 437
550 370 436
551 356 473
552 330 443
553 360 447
554 359 367
555 371 434
556 355 302
557 372 411
558 358 429
559 361 396
560 347 372
561 369 374
562 353 427
563 366 504
564 361 469
565 366 443
566 367 424
567 348 448
568 365 414
569 363 380
570 386 459
571 352 489
572 377 372
573 352 423
574 374 402
575 350 465
576 364 473
577 364 410
578 357 368
579 363 376
580 361 405
581 354 493
582 371 457
583 363 433
584 352 436
585 380 460
586 337 314
587 381 425
588 340 440
589 381 491
590 360 434
591 361 397
592 353 398
593 368 409
594 350 492
595 356 399
596 357 367
597 371 477
598 364 482
599 350 421
600 365 488
601 371 417
602 352 443
603 366 355
604 364 409
605 362 389
606 364 470
607 361 429
608 352 352
609 372 530
610 357 425
611 375 441
612 365 390
613 373 421
614 360 396
615 355 380
616 351 411
617 345 328
618 356 452
619 364 517
620 357 431
621 369 412
622 367 480
623 356 440
624 369 464
625 354 434
626 362 427
627 363 409
628 356 359
629 357 374
630 375 433
631 364 462
632 352 492
633 374 398
634 348 498
635 368 348
636 342 369
637 372 462
638 361 414
639 365 437
640 353 413
641 373 451
642 357 501
643 374 519
644 372 451
645 352 348
646 378 410
647 338 388
648 380 471
649 356 318
650 361 316
651 367 422
652 368 376
653 362 400
654 357 404
655 353 329
656 382 452
657 351 386
658 375 471
659 361 375
660 362 416
661 355 404
662 368 458
663 374 492
664 355 332
665 374 371
666 371 421
667 365 362
668 350 311
669 359 354
670 374 460
671 346 375
672 355 404
673 366 342
674 372 459
675 366 451
676 371 517
677 362 520
678 359 433
679 360 400
680 357 451
681 369 453
682 343 392
683 370 378
684 349 339
685 350 432
686 353 421
687 350 352
688 361 363
689 379 437
690 344 416
691 373 402
692 346 473
693 384 362
694 343 425
695 377 404
696 363 482
697 353 339
698 366 384
699 355 470
700 360 359
701 361 421
702 364 386
703 359 429
704 360 423
705 369 410
706 363 358
707 358 461
708 366 335
709 368 512
710 371 414
711 353 455
712 359 338
713 352 430
714 345 394
715 352 404
716 381 472
717 356 387
718 370 446
719 373 428
720 360 494
721 351 467
722 367 466
723 342 383
724 372 430
725 348 384
726 383 404
727 366 486
728 375 411
729 341 503
730 364 400
731 347 372
732 354 374
733 359 384
734 356 412
735 370 432
736 347 446
737 366 358
738 370 483
739 373 418
740 368 469
741 356 414
742 370 420
743 371 450
744 354 439
745 363 467
746 368 393
747 366 410
748 342 358
749 373 445
750 369 403
751 363 360
752 369 357
753 350 344
754 372 487
755 342 359
756 368 389
757 355 439
758 352 448
759 359 457
760 360 305
761 340 437
762 360 430
763 364 523
764 358 460
765 359 400
766 365 416
767 372 448
768 363 477
769 380 439
770 347 362
771 367 393
772 354 396
773 372 464
774 351 431
775 359 411
776 371 350
777 352 416
778 365 473
779 366 399
780 360 472
781 353 398
782 363 431
783 368 478
784 365 392
785 352 434
786 373 489
787 345 414
788 372 356
789 343 352
790 367 402
791 349 424
792 366 466
793 349 393
794 355 437
795 362 502
796 367 434
797 351 472
798 352 465
799 351 473
800 377 414
801 368 412
802 374 347
803 346 491
804 366 397
805 371 408
806 349 407
807 368 389
808 348 428
809 374 441
810 359 402
811 358 440
812 374 423
813 357 415
814 362 408
815 371 444
816 344 466
817 368 425
818 348 326
819 350 497
820 364 464
821 364 408
822 350 375
823 365 425
824 356 457
825 369 479
826 368 476
827 339 392
828 363 331
829 361 384
830 370 435
831 362 461
832 359 478
833 363 423
834 372 386
835 352 445
836 381 417
837 370 374
838 351 485
839 374 431
840 359 444
841 363 416
842 377 380
843 345 503
844 379 457
845 338 361
846 383 341
847 356 454
848 374 502
849 365 406
850 369 435
851 350 356
852 371 382
853 376 331
854 350 412
855 369 350
856 360 416
857 350 317
858 362 343
859 361 417
860 353 401
861 371 453
862 349 305
863 375 482
864 358 411
865 373 357
866 357 458
867 358 445
868 372 423
869 346 357
870 370 448
871 353 379
872 363 410
873 364 412
874 346 374
875 365 430
876 364 479
877 373 383
878 349 423
879 353 376
880 375 432
881 367 436
882 361 417
883 346 362
884 368 419
885 351 431
886 347 365
887 344 343
888 370 446
889 352 361
890 370 357
891 345 510
892 382 380
893 337 405
894 381 461
895 338 505
896 372 403
897 346 514
898 368 379
899 363 528
900 350 464
901 368 398
902 358 421
903 351 487
904 369 379
905 356 373
906 351 429
907 355 367
908 359 429
909 356 463
910 338 455
911 351 374
912 334 444
913 353 374
914 343 393
915 354 396
916 358 497
917 362 494
918 338 437
919 353 354
920 342 369
921 349 405
922 331 412
923 365 394
924 359 379
925 350 439
926 371 366
927 365 419
928 359 425
929 363 391
930 335 326
931 355 426
932 354 458
933 364 442
934 322 398
935 373 412
936 346 408
937 350 509
938 342 451
939 353 413
940 362 412
941 362 447
942 367 424
943 361 378
944 341 465
945 360 426
946 353 375
947 354 443
948 335 390
949 355 417
950 363 331
951 361 428
952 368 405
953 336 452
954 353 433
955 343 351
956 358 479
957 342 323
958 361 415
959 334 421
960 346 481
961 347 355
962 353 392
963 339 392
964 343 451
965 346 422
966 352 479
967 353 455
968 358 348
969 360 451
970 359 441
971 341 361
972 345 363
973 347 461
974 356 380
975 372 436
976 361 413
977 362 378
978 349 398
979 380 464
980 345 382
981 383 455
982 351 353
983 361 367
984 356 454
985 347 407
986 351 416
987 333 435
988 357 466
989 356 456
990 337 399
991 345 349
992 356 366
993 363 479
994 359 390
995 370 380
996 340 379
997 346 464
998 357 402
999 341 268
1000 362 406
