1 363 8893
2 395 7637
3 380 6748
4 393 7262
5 391 7814
6 387 7974
7 375 7299
8 397 6893
9 383 7293
10 367 7427
11 398 7600
12 365 8103
13 388 7518
14 382 8016
15 387 6702
16 391 7449
17 378 7264
18 386 6808
19 399 7711
20 397 7401
21 379 7603
22 399 7223
23 389 6519
24 397 7985
25 387 7132
26 382 7623
27 379 7274
28 406 7720
29 394 7371
30 398 7214
31 387 7909
32 378 8093
33 405 8281
34 396 7114
35 380 7649
36 382 7358
37 392 7709
38 368 7812
39 408 6977
40 395 7028
41 396 7018
42 380 7281
43 394 7914
44 387 7395
45 384 7839
46 383 8241
47 405 8228
48 389 6959
49 380 6587
50 377 7639
51 401 7682
52 393 7530
53 396 7785
54 389 7597
55 397 7377
56 391 8100
57 383 7158
58 379 7745
59 387 7213
60 382 6938
61 378 8136
62 400 7561
63 378 7717
64 403 7586
65 391 7363
66 390 7928
67 381 7219
68 403 7356
69 374 7722
70 395 7654
71 375 7136
72 396 6996
73 395 7015
74 390 7103
75 385 7330
76 387 6736
77 381 8602
78 380 7701
79 395 7220
80 393 7631
81 380 7500
82 404 7187
83 387 7367
84 390 7248
85 401 7752
86 390 6747
87 386 7670
88 372 7107
89 370 7506
90 386 7381
91 382 7589
92 378 6747
93 396 7142
94 363 6456
95 385 6703
96 402 8262
97 369 7570
98 399 7269
99 428 5785
100 370 7522
1 346 7749
2 372 6744
3 388 7739
4 384 7201
5 369 7297
6 389 7734
7 373 7292
8 403 7216
9 369 7336
10 386 7317
11 364 7608
12 384 7290
13 375 7252
14 375 7720
15 379 8019
16 376 7944
17 393 6921
18 372 7337
19 399 7420
20 388 6819
21 391 7119
22 394 7428
23 388 7417
24 394 7553
25 370 7352
26 379 7042
27 363 7300
28 368 7439
29 371 8093
30 381 7431
31 371 6841
32 371 6580
33 366 6906
34 382 7972
35 378 7491
36 373 7328
37 384 7247
38 379 7888
39 382 7229
40 387 6787
41 387 6907
42 380 7273
43 362 6784
44 393 7705
45 376 7148
46 384 7279
47 375 7675
48 386 7354
49 383 7031
50 390 7511
51 366 7302
52 388 7626
53 382 7172
54 373 7477
55 381 7180
56 382 7794
57 381 7581
58 375 6785
59 400 7644
60 378 7347
61 388 7732
62 380 7214
63 358 6784
64 396 7554
65 385 7364
66 374 8178
67 382 7433
68 382 8154
69 387 7684
70 383 7319
71 397 7793
72 392 7052
73 383 7936
74 382 6998
75 373 7788
76 382 7255
77 379 7380
78 393 7032
79 393 8173
80 393 7745
81 384 7639
82 383 8356
83 380 7160
84 376 6976
85 373 6644
86 393 7533
87 383 7271
88 400 7217
89 400 7316
90 384 7205
91 401 7812
92 387 7239
93 369 7196
94 387 6809
95 364 7044
96 376 7183
97 378 7051
98 375 7309
99 412 6011
100 363 7241
1 336 7830
2 388 7712
3 377 7772
4 387 7370
5 380 6948
6 384 6985
7 377 7257
8 374 6628
9 381 7413
10 365 6825
11 377 7166
12 373 7131
13 380 7455
14 382 7058
15 382 7287
16 383 7499
17 360 6685
18 384 7695
19 371 7164
20 384 7002
21 377 7126
22 365 6829
23 377 7510
24 375 6864
25 390 7612
26 386 7665
27 378 7247
28 381 7520
29 365 7428
30 367 7439
31 379 7107
32 379 7445
33 382 7700
34 357 7352
35 385 8276
36 377 7059
37 365 7267
38 384 7380
39 368 7491
40 389 7114
41 378 6875
42 382 7254
43 377 7743
44 378 6920
45 391 7534
46 397 7018
47 393 7635
48 365 6876
49 396 6575
50 365 7310
51 392 7258
52 378 7522
53 387 7124
54 374 6693
55 390 6601
56 388 7390
57 372 7179
58 378 6777
59 383 7182
60 370 6910
61 377 7058
62 359 6810
63 375 7175
64 393 7581
65 380 7113
66 395 7804
67 390 7480
68 383 7684
69 374 7026
70 378 6375
71 385 7676
72 377 7623
73 381 6950
74 388 7328
75 370 6687
76 397 7052
77 385 7791
78 380 7492
79 382 7506
80 377 6972
81 393 7249
82 397 7354
83 393 6773
84 379 7175
85 388 7364
86 383 6632
87 401 7399
88 391 7133
89 396 7562
90 384 7072
91 393 7454
92 386 7091
93 375 6784
94 381 7022
95 385 7188
96 388 7169
97 362 6880
98 387 7082
99 409 6441
100 382 7401
1 351 7893
2 401 8012
3 375 7900
4 395 7027
5 392 7165
6 385 7115
7 395 7403
8 386 7358
9 386 6679
10 379 7552
11 397 7717
12 408 7107
13 388 6986
14 410 6947
15 378 7368
16 408 7408
17 417 7677
18 390 7453
19 391 7890
20 394 6943
21 387 7047
22 396 7191
23 392 6973
24 396 7516
25 387 7129
26 403 8289
27 381 7646
28 403 7360
29 373 7470
30 404 7387
31 378 7047
32 389 7519
33 395 7305
34 380 7287
35 391 6909
36 383 6712
37 388 7384
38 387 7612
39 395 7267
40 385 7308
41 406 7292
42 384 7285
43 397 7172
44 401 7542
45 378 7575
46 401 7574
47 379 7586
48 392 7768
49 399 7225
50 399 7210
51 398 7851
52 392 7269
53 384 7342
54 388 7144
55 400 7545
56 390 8090
57 391 7258
58 399 7832
59 391 7237
60 389 7159
61 403 8042
62 383 7396
63 392 7757
64 396 7340
65 399 7307
66 397 7550
67 374 7444
68 384 6806
69 393 7592
70 392 7277
71 386 7097
72 388 7328
73 402 6977
74 394 7399
75 398 7172
76 379 7721
77 397 7218
78 374 7745
79 383 7222
80 385 7227
81 385 7610
82 400 7758
83 384 6814
84 394 7713
85 385 7737
86 365 7283
87 394 7403
88 379 7415
89 407 7736
90 394 7426
91 390 6881
92 397 7576
93 397 7181
94 401 6968
95 375 7877
96 397 7635
97 400 8349
98 394 7777
99 430 6264
100 386 7709
1 359 8107
2 402 7046
3 393 7682
4 407 8022
5 394 7955
6 394 8113
7 377 8102
8 398 7083
9 393 7669
10 405 7990
11 398 7633
12 379 7201
13 393 7703
14 378 7173
15 398 7765
16 377 7412
17 391 7095
18 401 7534
19 368 7035
20 398 8057
21 402 8172
22 400 7776
23 403 7471
24 402 7504
25 395 7684
26 383 7703
27 391 7229
28 383 6998
29 395 7404
30 386 7501
31 385 7304
32 401 6683
33 383 8168
34 403 7777
35 405 7175
36 382 7307
37 403 7651
38 394 7391
39 380 7199
40 393 7782
41 396 7372
42 379 7483
43 388 7357
44 401 8290
45 393 7136
46 406 8030
47 390 7666
48 395 8023
49 397 7018
50 372 7193
51 398 7769
52 399 7142
53 392 8489
54 408 8059
55 404 7533
56 407 7978
57 378 7656
58 393 7739
59 389 7347
60 401 8150
61 374 7224
62 414 7654
63 394 7762
64 394 8082
65 397 7308
66 394 7238
67 400 7645
68 397 7594
69 410 7844
70 394 7850
71 388 7130
72 409 7662
73 407 8122
74 391 7905
75 404 7951
76 386 7382
77 398 8087
78 382 7841
79 381 6954
80 394 7840
81 394 7581
82 394 7548
83 397 7600
84 388 6520
85 383 7790
86 399 7848
87 398 8290
88 384 7730
89 396 7642
90 394 8047
91 399 7553
92 402 8110
93 404 7837
94 400 7761
95 397 7692
96 401 7699
97 406 7693
98 398 7337
99 423 6214
100 388 7519
