1 325 36
2 335 40
3 319 35
4 329 38
5 332 9
6 317 32
7 330 4
8 335 36
9 329 37
10 334 10
11 322 33
12 331 32
13 327 35
14 331 34
15 327 42
16 342 30
17 311 2
18 337 6
19 329 3
20 327 4
21 333 5
22 326 6
23 325 3
24 335 3
25 321 9
26 331 3
27 309 4
28 346 3
29 302 3
30 344 5
31 319 7
32 330 3
33 310 3
34 346 5
35 322 4
36 327 4
37 322 8
38 344 5
39 301 4
40 347 4
41 316 3
42 331 3
43 319 7
44 323 3
45 331 4
46 325 4
47 334 3
48 326 6
49 337 4
50 324 4
51 325 3
52 319 6
53 332 4
54 326 5
55 321 4
56 324 4
57 335 2
58 333 5
59 317 6
60 349 10
61 319 4
62 337 3
63 310 5
64 333 6
65 315 6
66 336 3
67 326 6
68 334 6
69 338 9
70 324 5
71 312 3
72 330 6
73 335 5
74 322 2
75 332 3
76 320 4
77 321 4
78 321 5
79 322 8
80 338 7
81 322 4
82 327 8
83 337 8
84 326 8
85 325 4
86 317 3
87 327 6
88 334 6
89 312 5
90 349 3
91 311 3
92 339 6
93 320 4
94 333 6
95 328 6
96 338 8
97 328 6
98 330 5
99 318 4
100 328 3
101 319 3
102 329 4
103 331 7
104 332 6
105 315 2
106 324 5
107 330 6
108 325 4
109 321 5
110 337 8
111 330 5
112 316 3
113 339 5
114 321 6
115 330 4
116 322 7
117 332 6
118 330 3
119 315 3
120 335 6
121 324 4
122 323 7
123 336 4
124 320 4
125 352 10
126 332 9
127 330 3
128 331 6
129 326 5
130 333 6
131 343 10
132 332 5
133 326 3
134 320 3
135 351 7
136 317 4
137 335 2
138 325 5
139 333 5
140 328 6
141 339 12
142 332 11
143 329 5
144 330 5
145 331 5
146 338 5
147 343 14
148 315 4
149 336 8
150 338 6
151 328 7
152 331 5
153 341 3
154 320 3
155 333 5
156 320 3
157 331 7
158 331 4
159 317 4
160 330 11
161 356 12
162 314 10
163 339 5
164 319 4
165 336 4
166 333 7
167 321 3
168 327 2
169 323 5
170 325 2
171 320 4
172 328 5
173 337 6
174 319 5
175 342 11
176 319 4
177 330 5
178 326 4
179 328 7
180 337 11
181 321 11
182 348 9
183 313 6
184 331 4
185 322 3
186 321 3
187 321 2
188 329 4
189 321 5
190 331 5
191 321 6
192 329 7
193 323 3
194 324 4
195 334 7
196 322 4
197 331 5
198 335 4
199 311 4
200 338 10
201 328 4
202 330 4
203 327 6
204 325 3
205 325 4
206 324 5
207 337 5
208 324 5
209 333 3
210 315 6
211 336 2
212 318 3
213 326 3
214 329 3
215 324 5
216 342 10
217 321 5
218 327 7
219 327 13
220 341 10
221 320 6
222 348 6
223 319 4
224 343 8
225 331 8
226 324 4
227 326 4
228 332 4
229 335 3
230 326 4
231 334 8
232 332 8
233 319 3
234 340 4
235 323 4
236 336 5
237 317 4
238 324 5
239 333 4
240 321 4
241 326 3
242 316 2
243 326 4
244 328 4
245 341 7
246 326 6
247 327 5
248 333 6
249 320 5
250 329 5
251 339 7
252 318 4
253 336 7
254 332 10
255 332 6
256 328 11
257 325 5
258 338 5
259 336 4
260 331 3
261 339 4
262 337 5
263 332 2
264 333 4
265 331 4
266 336 6
267 335 7
268 350 6
269 327 6
270 341 3
271 337 3
272 333 8
273 347 8
274 325 7
275 342 7
276 343 5
277 329 5
278 344 6
279 328 5
280 348 3
281 311 4
282 350 5
283 330 8
284 330 6
285 334 3
286 341 6
287 352 11
288 332 11
289 324 5
290 350 10
291 341 6
292 332 5
293 331 2
294 330 4
295 343 5
296 330 3
297 333 5
298 342 4
299 327 8
300 342 6
301 335 6
302 330 3
303 347 5
304 335 6
305 326 3
306 339 4
307 341 4
308 338 5
309 343 4
310 328 2
311 328 2
312 324 3
313 334 9
314 324 5
315 322 3
316 327 4
317 332 3
318 331 5
319 330 6
320 338 10
321 333 6
322 318 7
323 342 9
324 318 3
325 338 3
326 327 6
327 334 5
328 337 7
329 324 5
330 343 9
331 336 6
332 332 4
333 323 4
334 335 4
335 330 3
336 333 4
337 331 7
338 330 3
339 346 3
340 326 4
341 339 4
342 334 4
343 306 3
344 342 4
345 335 6
346 329 12
347 345 8
348 332 8
349 329 2
350 333 4
351 335 5
352 337 4
353 320 3
354 333 7
355 345 5
356 326 4
357 340 5
358 312 3
359 342 6
360 336 8
361 340 6
362 319 4
363 328 3
364 339 4
365 328 7
366 334 5
367 328 5
368 334 6
369 340 5
370 331 3
371 338 9
372 324 5
373 346 4
374 330 6
375 335 5
376 331 4
377 347 6
378 325 3
379 341 5
380 326 2
381 342 5
382 338 5
383 333 7
384 330 3
385 327 4
386 334 4
387 327 4
388 333 5
389 348 7
390 315 4
391 350 10
392 344 8
393 339 5
394 343 6
395 322 5
396 332 3
397 328 4
398 323 4
399 351 7
400 325 4
401 335 8
402 339 11
403 329 4
404 333 10
405 334 4
406 333 4
407 329 3
408 325 5
409 329 2
410 323 2
411 336 3
412 326 10
413 337 5
414 331 5
415 334 6
416 321 3
417 337 3
418 333 3
419 330 3
420 340 10
421 334 7
422 341 8
423 332 7
424 345 5
425 332 4
426 330 3
427 334 4
428 342 9
429 334 8
430 336 8
431 339 11
432 325 5
433 338 6
434 340 6
435 330 4
436 323 4
437 329 3
438 327 3
439 340 6
440 330 8
441 338 4
442 329 8
443 333 4
444 322 3
445 344 11
446 325 8
447 341 2
448 330 9
449 335 7
450 329 3
451 327 3
452 332 5
453 324 6
454 349 11
455 338 7
456 323 6
457 333 2
458 337 3
459 331 6
460 349 5
461 324 4
462 333 6
463 351 3
464 313 4
465 357 8
466 328 12
467 341 4
468 338 7
469 327 7
470 341 4
471 331 6
472 345 9
473 326 5
474 335 7
475 332 6
476 336 4
477 334 7
478 344 9
479 324 4
480 347 4
481 319 7
482 338 4
483 334 9
484 353 10
485 319 6
486 329 7
487 331 5
488 328 4
489 332 5
490 342 6
491 328 4
492 323 3
493 341 5
494 330 6
495 339 7
496 329 4
497 328 3
498 326 3
499 329 3
500 357 9
501 335 4
502 339 4
503 336 2
504 337 4
505 330 3
506 327 4
507 349 3
508 313 2
509 336 11
510 338 10
511 345 10
512 338 7
513 336 3
514 324 3
515 328 5
516 340 9
517 337 6
518 325 4
519 333 5
520 327 4
521 342 6
522 330 5
523 335 5
524 344 7
525 335 7
526 337 4
527 334 6
528 338 6
529 334 6
530 345 10
531 331 5
532 343 5
533 332 4
534 339 7
535 345 6
536 334 5
537 328 4
538 346 6
539 332 6
540 339 6
541 332 6
542 348 3
543 336 6
544 337 6
545 338 4
546 336 5
547 340 8
548 336 7
549 347 5
550 340 8
551 323 4
552 346 6
553 327 6
554 341 6
555 344 6
556 315 6
557 354 9
558 326 7
559 341 5
560 323 6
561 342 7
562 333 5
563 341 3
564 331 4
565 328 4
566 344 6
567 311 3
568 343 9
569 337 5
570 329 3
571 340 5
572 325 3
573 340 5
574 333 5
575 330 4
576 337 5
577 350 9
578 319 5
579 342 3
580 321 4
581 345 6
582 322 4
583 348 7
584 325 6
585 340 6
586 331 4
587 325 5
588 355 6
589 310 3
590 350 7
591 331 10
592 334 6
593 334 5
594 326 4
595 343 5
596 341 5
597 327 4
598 326 4
599 341 3
600 334 5
601 353 7
602 324 8
603 340 9
604 347 3
605 343 4
606 325 3
607 361 5
608 330 6
609 361 5
610 330 5
611 349 3
612 341 4
613 335 3
614 346 5
615 336 5
616 351 4
617 330 4
618 333 5
619 346 5
620 331 3
621 338 4
622 340 4
623 335 4
624 341 3
625 331 6
626 332 4
627 334 3
628 334 4
629 340 4
630 342 5
631 349 12
632 348 8
633 347 9
634 338 14
635 352 8
636 324 3
637 347 6
638 330 4
639 337 5
640 346 9
641 360 14
642 348 10
643 328 9
644 358 3
645 324 6
646 362 7
647 333 11
648 317 3
649 355 7
650 322 4
651 348 4
652 347 4
653 341 5
654 343 6
655 352 8
656 331 6
657 351 5
658 325 2
659 342 5
660 341 3
661 342 7
662 344 7
663 334 7
664 340 5
665 337 6
666 350 8
667 340 7
668 358 6
669 324 6
670 355 6
671 328 8
672 348 4
673 326 3
674 356 4
675 338 6
676 340 7
677 333 4
678 346 6
679 341 8
680 332 4
681 346 3
682 335 5
683 350 5
684 347 5
685 333 7
686 351 8
687 341 5
688 341 5
689 340 6
690 344 5
691 332 7
692 357 7
693 324 5
694 356 5
695 330 5
696 354 6
697 339 6
698 343 5
699 339 5
700 344 6
701 337 9
702 335 5
703 338 3
704 346 6
705 345 7
706 337 6
707 327 3
708 351 5
709 334 3
710 344 4
711 338 5
712 345 4
713 335 2
714 346 4
715 346 12
716 331 3
717 341 2
718 322 2
719 345 5
720 334 5
721 355 4
722 327 3
723 354 6
724 343 5
725 343 4
726 341 7
727 362 6
728 344 7
729 351 6
730 321 5
731 345 3
732 347 3
733 329 3
734 341 7
735 357 7
736 334 5
737 349 6
738 337 5
739 350 7
740 346 7
741 344 3
742 343 6
743 342 9
744 356 4
745 329 4
746 350 5
747 345 3
748 333 3
749 351 8
750 336 6
751 320 2
752 360 3
753 323 4
754 354 5
755 324 3
756 345 6
757 351 4
758 327 4
759 363 4
760 319 3
761 347 6
762 347 6
763 326 2
764 354 5
765 335 4
766 358 11
767 341 4
768 331 3
769 340 7
770 335 8
771 330 6
772 348 6
773 339 10
774 347 6
775 353 9
776 328 5
777 359 7
778 325 3
779 337 3
780 337 3
781 340 7
782 333 5
783 344 5
784 336 4
785 337 4
786 342 5
787 341 7
788 348 4
789 340 6
790 347 5
791 329 8
792 358 5
793 322 3
794 352 4
795 322 4
796 350 5
797 335 7
798 354 4
799 322 3
800 354 6
801 329 6
802 352 11
803 337 9
804 352 7
805 326 4
806 358 7
807 331 5
808 343 5
809 341 5
810 335 5
811 343 11
812 350 13
813 348 6
814 335 4
815 334 7
816 342 7
817 334 8
818 365 8
819 334 8
820 342 10
821 340 5
822 343 8
823 343 5
824 337 6
825 334 3
826 357 4
827 331 4
828 348 8
829 345 6
830 340 6
831 340 8
832 345 12
833 343 4
834 339 5
835 340 5
836 341 3
837 348 8
838 348 9
839 338 3
840 341 11
841 349 9
842 351 4
843 329 3
844 347 3
845 327 4
846 341 6
847 341 7
848 341 9
849 348 12
850 335 4
851 327 3
852 347 8
853 340 9
854 330 10
855 346 5
856 343 9
857 347 8
858 329 9
859 352 4
860 329 5
861 334 5
862 347 7
863 338 10
864 344 7
865 325 4
866 353 9
867 333 7
868 348 8
869 333 4
870 321 6
871 348 4
872 319 3
873 352 4
874 318 5
875 340 6
876 327 3
877 330 10
878 345 8
879 333 9
880 350 13
881 349 7
882 344 6
883 334 4
884 332 4
885 330 2
886 336 2
887 328 4
888 346 6
889 339 4
890 342 7
891 346 5
892 346 5
893 329 5
894 363 14
895 333 7
896 352 6
897 340 4
898 343 3
899 328 5
900 355 10
901 338 9
902 348 8
903 338 8
904 340 6
905 349 5
906 343 6
907 348 7
908 335 4
909 332 3
910 355 6
911 342 8
912 328 3
913 356 8
914 340 12
915 355 8
916 332 4
917 341 3
918 342 10
919 345 9
920 338 7
921 336 8
922 344 4
923 342 11
924 330 4
925 342 4
926 350 4
927 334 2
928 346 3
929 333 4
930 347 4
931 322 6
932 342 4
933 339 5
934 331 7
935 344 10
936 327 6
937 327 2
938 329 4
939 342 6
940 330 4
941 319 3
942 338 5
943 330 8
944 356 13
945 328 8
946 345 8
947 345 7
948 326 4
949 342 4
950 332 4
951 320 3
952 343 3
953 314 4
954 333 5
955 335 2
956 333 3
957 343 5
958 342 3
959 344 5
960 331 5
961 334 3
962 332 5
963 341 6
964 349 9
965 319 5
966 349 4
967 318 7
968 335 5
969 327 4
970 329 3
971 337 4
972 340 3
973 336 9
974 347 7
975 335 4
976 335 10
977 355 7
978 325 6
979 343 4
980 325 4
981 341 4
982 333 6
983 347 4
984 338 3
985 332 6
986 338 5
987 346 3
988 334 6
989 327 6
990 340 4
991 332 5
992 346 8
993 325 4
994 339 6
995 351 9
996 333 8
997 353 15
998 334 8
999 343 3
1000 325 3
1 329 153
2 343 5
3 332 153
4 345 82
5 327 157
6 346 7
7 324 148
8 349 3
9 326 149
10 338 4
11 335 163
12 347 7
13 333 13
14 339 146
15 335 3
16 332 79
17 328 4
18 354 153
19 329 4
20 345 3
21 336 144
22 343 69
23 346 150
24 336 68
25 335 144
26 339 79
27 305 151
28 354 65
29 314 4
30 342 3
31 317 4
32 353 148
33 320 4
34 344 143
35 341 4
36 337 150
37 333 5
38 342 146
39 327 6
40 349 157
41 333 8
42 329 62
43 348 6
44 322 67
45 347 4
46 307 2
47 335 78
48 336 148
49 327 6
50 344 148
51 335 7
52 336 7
53 338 143
54 325 77
55 342 2
56 322 65
57 338 5
58 322 65
59 356 8
60 322 144
61 365 67
62 314 146
63 348 10
64 352 152
65 323 5
66 341 62
67 318 2
68 352 145
69 334 3
70 344 140
71 349 9
72 333 143
73 348 5
74 323 67
75 351 7
76 311 3
77 350 59
78 336 3
79 328 4
80 343 146
81 327 10
82 329 139
83 350 64
84 335 3
85 334 143
86 344 3
87 333 143
88 345 61
89 336 145
90 338 77
91 346 59
92 340 4
93 326 5
94 329 58
95 338 8
96 333 142
97 333 2
98 337 135
99 332 5
100 342 136
101 336 5
102 335 71
103 345 57
104 345 138
105 332 4
106 348 142
107 329 63
108 339 8
109 336 5
110 343 61
111 316 3
112 342 60
113 337 4
114 319 142
115 354 55
116 310 133
117 346 57
118 339 71
119 330 5
120 346 134
121 320 7
122 359 10
123 333 60
124 345 6
125 341 136
126 329 59
127 345 4
128 330 5
129 326 9
130 364 56
131 311 133
132 352 69
133 326 54
134 346 69
135 337 137
136 352 62
137 325 4
138 350 4
139 326 58
140 353 6
141 331 5
142 350 51
143 329 8
144 341 5
145 339 136
146 322 59
147 349 3
148 320 128
149 320 52
150 349 8
151 329 132
152 340 5
153 331 54
154 323 2
155 343 129
156 344 55
157 323 7
158 345 131
159 332 55
160 336 132
161 328 3
162 352 129
163 324 5
164 361 52
165 314 130
166 363 67
167 339 5
168 335 56
169 318 128
170 343 54
171 331 6
172 346 4
173 349 123
174 340 47
175 348 3
176 338 124
177 345 5
178 339 52
179 354 7
180 316 4
181 353 57
182 331 6
183 337 4
184 338 52
185 334 13
186 333 4
187 334 123
188 337 14
189 334 6
190 338 121
191 337 51
192 332 8
193 329 51
194 328 3
195 333 122
196 328 50
197 342 4
198 326 120
199 347 54
200 339 124
201 352 4
202 309 123
203 385 43
204 320 120
205 346 3
206 345 129
207 340 9
208 329 129
209 357 8
210 326 119
211 348 44
212 351 8
213 336 53
214 317 3
215 341 120
216 329 4
217 331 42
218 348 4
219 334 115
220 349 4
221 320 116
222 349 88
223 313 2
224 340 163
225 333 3
226 331 3
227 343 165
228 320 5
229 341 95
230 341 3
231 324 4
232 328 5
233 347 89
234 318 161
235 329 4
236 323 163
237 336 93
238 327 4
239 343 174
240 325 93
241 332 6
242 331 8
243 327 7
244 336 165
245 316 3
246 340 85
247 322 170
248 343 5
249 311 83
250 336 4
251 320 157
252 342 94
253 329 155
254 336 83
255 323 3
256 351 167
257 336 84
258 320 154
259 321 3
260 329 94
261 338 6
262 324 159
263 351 83
264 311 3
265 337 6
266 352 9
267 324 161
268 338 5
269 327 5
270 327 156
271 349 5
272 321 9
273 342 153
274 336 2
275 324 6
276 349 83
277 324 9
278 340 81
279 311 155
280 354 79
281 321 161
282 357 94
283 317 152
284 343 79
285 321 2
286 325 153
287 336 5
288 327 6
289 357 161
290 309 4
291 339 81
292 311 151
293 349 5
294 315 80
295 337 160
296 331 3
297 329 152
298 324 80
299 340 159
300 324 78
301 334 4
302 340 8
303 330 153
304 326 3
305 325 150
306 339 80
307 320 154
308 346 65
309 329 158
310 340 68
311 321 148
312 349 69
313 291 146
314 344 81
315 325 3
316 328 138
317 319 2
318 330 139
319 336 15
320 343 8
321 335 4
322 321 4
323 351 7
324 302 3
325 349 4
326 316 5
327 340 3
328 314 5
329 341 3
330 333 6
331 338 4
332 315 3
333 338 5
334 325 9
335 337 4
336 324 8
337 339 5
338 332 6
339 336 8
340 329 5
341 332 4
342 322 2
343 318 11
344 340 5
345 329 6
346 326 6
347 351 7
348 312 4
349 344 11
350 342 8
351 322 3
352 334 5
353 332 11
354 332 7
355 337 7
356 334 7
357 328 17
358 338 9
359 349 6
360 321 7
361 352 9
362 326 6
363 331 4
364 325 5
365 339 11
366 339 8
367 333 5
368 323 4
369 334 6
370 342 6
371 312 5
372 340 5
373 325 5
374 321 2
375 323 4
376 321 5
377 326 5
378 332 4
379 329 4
380 325 4
381 319 4
382 326 5
383 333 11
384 334 15
385 322 6
386 340 5
387 323 6
388 334 5
389 329 7
390 329 6
391 346 10
392 321 6
393 346 6
394 325 4
395 329 4
396 331 6
397 341 8
398 338 13
399 339 14
400 333 5
401 327 4
402 329 5
403 340 9
404 329 5
405 342 3
406 318 3
407 327 3
408 342 6
409 320 8
410 335 7
411 331 9
412 325 6
413 337 6
414 325 11
415 331 2
416 309 3
417 332 4
418 329 6
419 327 4
420 345 7
421 324 8
422 330 4
423 334 3
424 306 3
425 340 4
426 335 8
427 329 3
428 327 5
429 341 7
430 312 9
431 343 9
432 332 6
433 332 5
434 331 7
435 316 4
436 353 5
437 317 4
438 338 10
439 325 6
440 334 6
441 323 3
442 343 5
443 312 3
444 338 5
445 336 4
446 318 2
447 343 5
448 315 3
449 338 7
450 339 8
451 325 3
452 338 6
453 331 6
454 341 7
455 339 6
456 341 7
457 320 3
458 341 6
459 330 5
460 317 3
461 349 3
462 317 3
463 325 4
464 339 8
465 341 4
466 321 12
467 339 6
468 334 5
469 329 4
470 342 7
471 328 6
472 336 3
473 343 3
474 333 5
475 334 3
476 339 5
477 328 7
478 331 4
479 333 5
480 333 5
481 338 10
482 336 13
483 333 8
484 348 7
485 316 6
486 348 9
487 316 4
488 331 4
489 331 6
490 325 4
491 324 4
492 337 4
493 339 8
494 317 4
495 332 5
496 317 6
497 348 6
498 322 3
499 330 4
500 339 8
501 314 4
502 340 2
503 305 9
504 346 8
505 311 9
506 346 4
507 320 5
508 340 12
509 324 7
510 328 4
511 330 5
512 326 5
513 351 12
514 328 5
515 334 20
516 348 7
517 339 10
518 329 6
519 347 7
520 319 5
521 347 4
522 320 5
523 347 4
524 326 6
525 342 22
526 334 6
527 334 7
528 325 5
529 329 5
530 333 9
531 330 17
532 334 5
533 334 23
534 326 5
535 334 6
536 325 3
537 323 4
538 332 14
539 328 10
540 349 10
541 318 4
542 342 10
543 327 8
544 333 15
545 332 10
546 349 15
547 322 9
548 339 6
549 322 4
550 345 7
551 325 7
552 343 5
553 330 6
554 351 8
555 334 7
556 332 5
557 329 5
558 327 4
559 345 10
560 324 4
561 339 2
562 333 6
563 330 5
564 349 6
565 329 9
566 348 7
567 324 4
568 351 4
569 323 8
570 341 5
571 340 6
572 341 5
573 313 3
574 342 4
575 333 7
576 341 7
577 337 8
578 334 5
579 344 4
580 329 6
581 348 7
582 324 7
583 347 12
584 337 15
585 336 3
586 334 7
587 337 5
588 337 3
589 334 3
590 326 5
591 339 6
592 338 4
593 333 4
594 332 5
595 343 7
596 334 13
597 345 3
598 331 3
599 325 3
600 347 3
601 327 5
602 350 7
603 338 9
604 330 6
605 351 14
606 313 4
607 331 5
608 346 13
609 330 5
610 336 3
611 335 7
612 334 5
613 335 7
614 331 5
615 327 9
616 341 4
617 337 6
618 336 8
619 322 14
620 329 16
621 334 6
622 339 7
623 350 7
624 325 2
625 340 5
626 334 5
627 321 4
628 347 5
629 329 7
630 327 13
631 341 5
632 324 6
633 334 5
634 331 13
635 324 9
636 345 5
637 328 6
638 338 4
639 339 5
640 327 4
641 337 5
642 328 5
643 351 8
644 320 14
645 340 16
646 321 4
647 338 4
648 332 12
649 337 5
650 332 5
651 331 4
652 347 3
653 320 11
654 343 5
655 334 3
656 330 6
657 334 4
658 335 6
659 319 11
660 336 6
661 354 11
662 319 7
663 345 6
664 318 4
665 333 5
666 334 11
667 336 8
668 339 5
669 331 5
670 327 4
671 339 7
672 324 4
673 352 8
674 347 8
675 331 4
676 345 8
677 332 7
678 361 5
679 329 3
680 343 5
681 323 4
682 341 5
683 331 3
684 347 12
685 346 8
686 320 4
687 352 6
688 332 7
689 330 7
690 340 9
691 335 8
692 318 9
693 351 8
694 319 3
695 351 4
696 320 4
697 345 8
698 324 5
699 345 13
700 325 7
701 346 7
702 338 6
703 346 6
704 330 8
705 342 4
706 326 2
707 339 4
708 328 3
709 349 5
710 319 5
711 357 7
712 319 11
713 358 5
714 317 6
715 350 5
716 316 4
717 349 4
718 321 6
719 348 8
720 320 4
721 362 6
722 319 3
723 356 8
724 318 4
725 339 3
726 327 6
727 343 4
728 334 4
729 331 9
730 320 3
731 360 10
732 312 5
733 337 3
734 317 3
735 343 5
736 330 6
737 335 4
738 340 5
739 328 10
740 348 11
741 342 13
742 336 6
743 341 6
744 322 5
745 361 6
746 322 5
747 345 13
748 328 7
749 349 6
750 332 7
751 332 10
752 329 7
753 336 5
754 336 12
755 334 7
756 332 5
757 328 10
758 346 4
759 332 11
760 345 10
761 325 9
762 336 7
763 331 3
764 322 4
765 343 6
766 325 7
767 334 3
768 325 13
769 358 10
770 318 10
771 350 19
772 329 5
773 317 3
774 341 8
775 342 11
776 334 5
777 331 5
778 336 4
779 339 7
780 329 6
781 340 3
782 322 4
783 342 8
784 342 10
785 335 10
786 327 10
787 341 7
788 338 5
789 329 5
790 345 6
791 327 10
792 353 9
793 330 9
794 331 3
795 333 5
796 349 4
797 317 5
798 353 5
799 330 9
800 340 6
801 334 9
802 332 5
803 331 8
804 335 8
805 337 6
806 337 6
807 339 9
808 350 7
809 328 5
810 337 5
811 340 5
812 312 5
813 356 9
814 323 5
815 338 3
816 331 4
817 344 7
818 328 7
819 338 3
820 323 6
821 337 6
822 335 11
823 345 15
824 342 6
825 319 12
826 350 5
827 325 9
828 340 6
829 339 7
830 337 6
831 330 7
832 338 7
833 322 5
834 340 5
835 323 3
836 331 6
837 349 9
838 325 6
839 338 5
840 335 8
841 336 7
842 350 8
843 333 9
844 336 13
845 320 5
846 350 7
847 316 3
848 349 9
849 323 5
850 345 6
851 319 11
852 334 4
853 326 3
854 324 7
855 335 5
856 336 4
857 330 3
858 336 4
859 337 5
860 329 5
861 340 7
862 343 11
863 334 5
864 332 4
865 341 5
866 333 4
867 358 7
868 330 4
869 354 7
870 333 5
871 354 8
872 343 10
873 352 8
874 350 5
875 331 3
876 348 7
877 340 3
878 348 4
879 328 4
880 360 7
881 324 6
882 355 6
883 323 5
884 345 5
885 347 6
886 335 7
887 350 10
888 346 7
889 334 4
890 356 6
891 338 11
892 353 6
893 323 3
894 354 5
895 343 18
896 349 5
897 331 7
898 333 4
899 353 4
900 353 4
901 346 6
902 343 8
903 337 7
904 363 22
905 332 6
906 347 6
907 354 3
908 336 5
909 345 3
910 335 6
911 338 4
912 351 20
913 343 7
914 336 3
915 346 6
916 333 6
917 351 7
918 351 13
919 359 11
920 346 5
921 343 4
922 349 5
923 357 9
924 349 4
925 342 4
926 356 13
927 348 9
928 331 3
929 351 5
930 329 5
931 345 4
932 340 3
933 337 3
934 351 14
935 336 4
936 345 4
937 347 4
938 332 3
939 352 3
940 340 10
941 352 7
942 345 5
943 351 5
944 347 4
945 336 5
946 340 5
947 351 4
948 343 5
949 335 4
950 343 7
951 347 20
952 349 5
953 337 5
954 357 7
955 331 6
956 340 8
957 360 14
958 324 4
959 355 3
960 320 7
961 360 11
962 355 8
963 350 7
964 358 9
965 339 4
966 334 6
967 346 3
968 346 7
969 340 6
970 345 6
971 329 5
972 353 5
973 343 5
974 350 8
975 345 7
976 348 7
977 348 6
978 341 3
979 345 6
980 348 4
981 338 4
982 356 4
983 345 7
984 353 12
985 344 8
986 350 8
987 344 5
988 337 7
989 347 4
990 348 5
991 344 5
992 361 14
993 340 4
994 348 4
995 346 5
996 364 14
997 333 3
998 348 9
999 354 6
1000 346 5
1 326 135
2 345 9
3 336 9
4 332 136
5 336 8
6 331 14
7 337 8
8 328 135
9 338 6
10 337 133
11 332 13
12 322 130
13 334 8
14 324 7
15 343 138
16 335 7
17 324 5
18 331 133
19 320 4
20 341 14
21 329 136
22 328 6
23 325 131
24 344 4
25 323 130
26 344 14
27 322 130
28 337 8
29 341 130
30 333 6
31 325 126
32 338 9
33 329 126
34 332 11
35 338 125
36 330 10
37 342 128
38 318 6
39 335 6
40 328 125
41 341 5
42 329 129
43 336 12
44 322 123
45 335 9
46 324 133
47 334 4
48 320 5
49 353 130
50 327 6
51 340 129
52 341 10
53 323 124
54 329 6
55 337 126
56 323 4
57 338 4
58 333 128
59 332 11
60 337 123
61 346 15
62 332 123
63 331 3
64 332 3
65 333 131
66 331 7
67 340 133
68 333 5
69 340 123
70 331 4
71 324 125
72 339 3
73 328 121
74 337 12
75 329 6
76 336 122
77 338 6
78 328 13
79 333 121
80 330 5
81 335 123
82 331 14
83 340 122
84 334 5
85 334 122
86 335 5
87 326 6
88 337 122
89 332 8
90 336 10
91 320 122
92 339 6
93 327 6
94 342 114
95 327 6
96 327 119
97 338 7
98 330 119
99 335 13
100 337 117
101 319 6
102 338 117
103 338 10
104 323 126
105 345 10
106 328 121
107 330 3
108 324 112
109 330 5
110 324 4
111 345 121
112 314 7
113 356 116
114 301 3
115 352 4
116 321 4
117 337 121
118 328 7
119 326 118
120 344 5
121 326 113
122 337 7
123 334 116
124 339 15
125 321 112
126 337 6
127 318 9
128 332 115
129 338 12
130 344 10
131 332 112
132 342 8
133 344 13
134 331 111
135 335 12
136 334 6
137 315 105
138 341 4
139 321 107
140 352 10
141 328 111
142 335 11
143 330 114
144 335 6
145 336 114
146 332 10
147 326 4
148 352 19
149 324 111
150 347 13
151 330 105
152 335 4
153 320 101
154 337 7
155 323 104
156 328 3
157 338 5
158 311 103
159 356 7
160 320 104
161 334 4
162 323 103
163 333 7
164 312 101
165 337 9
166 332 3
167 332 101
168 314 3
169 332 5
170 316 5
171 339 3
172 327 100
173 331 4
174 333 3
175 309 90
176 345 8
177 332 108
178 340 5
179 321 4
180 343 102
181 325 3
182 328 7
183 346 98
184 324 4
185 349 102
186 336 13
187 342 108
188 323 7
189 328 101
190 330 4
191 338 99
192 321 5
193 348 98
194 331 7
195 346 10
196 329 98
197 329 5
198 342 101
199 315 6
200 356 96
201 319 5
202 350 5
203 324 94
204 356 3
205 303 4
206 353 94
207 308 6
208 348 6
209 327 3
210 326 96
211 346 4
212 329 10
213 327 95
214 335 8
215 343 97
216 333 4
217 332 8
218 329 95
219 329 3
220 330 4
221 332 92
222 329 4
223 341 92
224 326 4
225 318 91
226 333 5
227 325 91
228 334 4
229 329 4
230 329 91
231 333 5
232 317 90
233 326 3
234 335 89
235 328 3
236 325 4
237 322 2
238 339 6
239 316 89
240 345 4
241 308 88
242 344 5
243 335 91
244 337 5
245 326 86
246 320 3
247 328 3
248 323 85
249 332 5
250 343 7
251 315 86
252 328 6
253 327 97
254 328 4
255 321 3
256 337 84
257 329 3
258 338 83
259 324 3
260 347 84
261 313 3
262 359 132
263 343 8
264 359 132
265 341 5
266 350 131
267 345 6
268 351 136
269 341 4
270 331 5
271 354 132
272 343 4
273 343 131
274 346 9
275 336 128
276 337 4
277 332 7
278 365 10
279 324 130
280 357 5
281 338 129
282 351 6
283 351 4
284 335 126
285 354 8
286 335 4
287 349 116
288 337 5
289 343 113
290 344 7
291 349 116
292 340 4
293 342 10
294 351 90
295 340 6
296 342 6
297 364 7
298 336 4
299 339 6
300 356 8
301 333 5
302 357 5
303 345 7
304 358 12
305 338 8
306 361 4
307 328 4
308 361 4
309 347 6
310 343 6
311 350 6
312 350 9
313 348 10
314 341 15
315 350 14
316 331 14
317 353 12
318 333 12
319 364 15
320 328 6
321 349 8
322 353 10
323 320 7
324 349 11
325 330 8
326 361 6
327 346 4
328 338 5
329 366 5
330 322 3
331 363 6
332 332 5
333 350 5
334 338 5
335 351 12
336 340 3
337 335 4
338 354 4
339 345 4
340 348 4
341 348 8
342 342 7
343 362 10
344 325 6
345 360 6
346 346 7
347 346 9
348 355 8
349 353 6
350 338 3
351 350 3
352 342 3
353 353 11
354 346 7
355 359 11
356 339 9
357 352 11
358 336 7
359 357 8
360 351 4
361 333 6
362 341 4
363 348 5
364 348 7
365 358 11
366 332 10
367 352 9
368 326 5
369 348 7
370 352 6
371 330 8
372 343 3
373 342 3
374 346 4
375 338 3
376 362 7
377 347 6
378 341 5
379 362 15
380 337 6
381 362 5
382 334 5
383 346 7
384 336 4
385 346 4
386 340 4
387 350 7
388 347 5
389 364 6
390 341 6
391 337 7
392 351 7
393 335 6
394 350 5
395 338 5
396 347 6
397 347 6
398 353 7
399 346 10
400 339 5
401 349 5
402 343 4
403 360 4
404 338 3
405 358 4
406 335 5
407 353 3
408 331 4
409 351 7
410 346 7
411 342 9
412 333 6
413 349 8
414 345 5
415 345 7
416 358 5
417 325 7
418 362 8
419 341 7
420 346 5
421 348 17
422 353 9
423 342 8
424 322 3
425 353 5
426 339 6
427 349 5
428 349 9
429 349 23
430 357 9
431 343 5
432 346 4
433 352 6
434 343 4
435 345 10
436 360 14
437 331 7
438 354 17
439 344 5
440 347 4
441 336 3
442 356 4
443 339 5
444 341 4
445 335 3
446 345 4
447 359 4
448 325 4
449 359 7
450 353 11
451 343 11
452 351 7
453 339 5
454 345 5
455 350 12
456 349 6
457 353 8
458 335 9
459 356 13
460 345 6
461 348 4
462 342 7
463 355 7
464 329 5
465 354 4
466 334 8
467 353 6
468 343 11
469 347 8
470 341 11
471 355 8
472 345 5
473 342 5
474 347 5
475 332 7
476 351 10
477 349 6
478 346 4
479 340 4
480 349 13
481 353 11
482 353 20
483 334 8
484 338 6
485 361 21
486 325 4
487 368 7
488 335 3
489 335 4
490 347 8
491 350 6
492 335 7
493 344 7
494 340 7
495 336 7
496 336 5
497 346 5
498 329 4
499 349 4
500 336 5
501 357 16
502 345 8
503 346 5
504 338 5
505 345 13
506 346 5
507 343 6
508 346 4
509 346 8
510 357 15
511 361 7
512 326 4
513 361 6
514 343 10
515 355 10
516 345 14
517 336 5
518 347 7
519 341 8
520 346 7
521 333 3
522 360 4
523 324 3
524 348 7
525 345 6
526 339 5
527 340 11
528 343 12
529 360 8
530 349 8
531 348 5
532 344 6
533 338 3
534 341 4
535 344 5
536 343 7
537 350 6
538 330 4
539 353 6
540 333 6
541 341 7
542 363 8
543 342 22
544 361 5
545 330 11
546 344 8
547 335 15
548 362 8
549 334 13
550 354 7
551 347 6
552 339 4
553 348 13
554 343 8
555 335 7
556 356 5
557 343 6
558 344 7
559 352 10
560 349 14
561 346 7
562 345 16
563 340 5
564 352 11
565 366 10
566 320 4
567 356 13
568 323 8
569 351 7
570 347 14
571 351 13
572 345 17
573 355 10
574 346 4
575 346 8
576 344 7
577 348 11
578 339 5
579 352 12
580 350 14
581 329 4
582 352 9
583 359 8
584 333 5
585 354 7
586 346 8
587 336 7
588 346 4
589 354 16
590 344 8
591 352 17
592 354 13
593 347 6
594 353 8
595 346 6
596 351 10
597 335 10
598 348 5
599 344 3
600 350 10
601 343 5
602 322 3
603 338 3
604 335 4
605 321 3
606 345 8
607 343 6
608 327 3
609 330 6
610 336 8
611 338 8
612 334 7
613 332 3
614 328 8
615 339 9
616 348 6
617 330 7
618 347 6
619 320 10
620 346 7
621 329 5
622 330 4
623 336 6
624 341 5
625 331 4
626 336 5
627 334 4
628 338 4
629 328 4
630 329 7
631 328 8
632 333 5
633 337 8
634 350 6
635 323 3
636 336 3
637 335 3
638 329 4
639 335 5
640 344 6
641 319 3
642 345 6
643 339 6
644 340 5
645 334 4
646 318 8
647 345 6
648 328 6
649 327 4
650 332 5
651 335 4
652 338 5
653 327 6
654 345 4
655 329 7
656 343 5
657 327 6
658 329 4
659 332 13
660 346 5
661 327 4
662 348 5
663 328 8
664 336 4
665 323 6
666 343 7
667 359 9
668 326 5
669 340 5
670 338 12
671 320 4
672 344 3
673 319 6
674 328 6
675 345 10
676 324 6
677 340 3
678 334 8
679 343 7
680 335 4
681 339 6
682 341 10
683 333 9
684 338 7
685 336 6
686 339 9
687 326 3
688 345 5
689 329 10
690 333 4
691 335 7
692 338 7
693 336 3
694 325 3
695 336 7
696 347 5
697 314 3
698 337 3
699 323 5
700 348 4
701 323 5
702 344 6
703 332 4
704 335 6
705 342 6
706 329 6
707 346 7
708 322 4
709 343 11
710 329 4
711 335 5
712 340 6
713 333 7
714 339 4
715 339 4
716 328 6
717 345 4
718 328 4
719 334 4
720 322 3
721 347 3
722 330 4
723 335 5
724 329 4
725 337 10
726 347 4
727 319 6
728 339 4
729 339 10
730 328 4
731 338 7
732 339 7
733 339 6
734 341 5
735 331 9
736 348 4
737 334 4
738 333 5
739 330 4
740 332 9
741 329 4
742 335 6
743 331 5
744 336 5
745 334 5
746 337 4
747 325 4
748 325 4
749 329 12
750 331 3
751 332 5
752 335 3
753 325 9
754 343 8
755 313 5
756 323 6
757 334 3
758 323 4
759 328 9
760 346 7
761 323 4
762 326 5
763 345 8
764 333 6
765 335 8
766 338 5
767 330 16
768 332 6
769 348 14
770 339 8
771 330 4
772 325 7
773 337 4
774 339 6
775 333 5
776 330 4
777 340 4
778 322 6
779 332 3
780 336 5
781 319 8
782 331 3
783 326 4
784 331 4
785 329 3
786 320 5
787 342 4
788 317 4
789 336 3
790 332 5
791 334 3
792 351 4
793 314 5
794 339 15
795 334 6
796 341 7
797 325 4
798 337 6
799 333 4
800 334 8
801 338 6
802 333 5
803 346 4
804 317 4
805 345 4
806 329 6
807 335 9
808 340 5
809 320 4
810 333 4
811 330 4
812 325 4
813 336 6
814 349 7
815 326 7
816 342 5
817 335 3
818 323 4
819 345 13
820 330 4
821 338 5
822 339 4
823 335 7
824 335 4
825 347 6
826 332 5
827 338 3
828 335 5
829 331 5
830 344 4
831 321 4
832 348 5
833 324 5
834 340 4
835 330 4
836 345 5
837 328 3
838 339 4
839 338 4
840 346 5
841 337 5
842 346 6
843 323 5
844 345 6
845 331 4
846 325 3
847 335 4
848 339 6
849 323 7
850 334 3
851 331 4
852 330 7
853 347 4
854 322 4
855 342 10
856 335 5
857 328 4
858 338 5
859 321 6
860 355 10
861 332 4
862 346 4
863 323 3
864 334 7
865 354 5
866 331 10
867 341 9
868 334 5
869 336 4
870 327 3
871 334 4
872 351 6
873 330 7
874 344 4
875 334 4
876 339 7
877 342 6
878 332 3
879 329 4
880 333 4
881 328 9
882 336 7
883 346 6
884 315 3
885 335 4
886 327 10
887 340 5
888 322 7
889 340 5
890 339 5
891 340 6
892 334 4
893 330 3
894 337 5
895 330 4
896 330 5
897 332 6
898 344 9
899 343 6
900 329 3
901 345 4
902 335 4
903 326 6
904 338 16
905 334 5
906 333 7
907 331 5
908 333 4
909 336 9
910 329 5
911 341 7
912 328 4
913 337 4
914 331 6
915 332 5
916 349 8
917 339 7
918 323 3
919 341 3
920 315 3
921 342 4
922 333 3
923 321 4
924 333 19
925 339 6
926 336 4
927 325 6
928 331 7
929 337 6
930 334 9
931 339 7
932 330 6
933 340 5
934 335 5
935 329 4
936 349 5
937 327 5
938 352 10
939 328 14
940 335 9
941 344 5
942 337 5
943 336 5
944 329 6
945 339 3
946 314 3
947 354 3
948 321 3
949 335 4
950 345 5
951 334 5
952 326 7
953 343 6
954 335 11
955 336 4
956 345 4
957 341 3
958 329 6
959 337 5
960 343 4
961 323 4
962 343 6
963 326 5
964 354 7
965 322 4
966 345 5
967 328 4
968 333 5
969 330 6
970 329 6
971 353 8
972 338 4
973 328 5
974 333 14
975 340 4
976 324 6
977 338 7
978 336 5
979 342 8
980 324 5
981 336 8
982 335 5
983 317 8
984 334 5
985 342 4
986 323 4
987 333 4
988 335 6
989 342 10
990 345 11
991 345 6
992 331 9
993 343 8
994 341 7
995 345 6
996 331 4
997 334 5
998 346 10
999 343 5
1000 335 7
1 340 28
2 323 3
3 332 4
4 333 25
5 327 4
6 340 28
7 332 3
8 328 4
9 333 25
10 330 4
11 325 28
12 350 3
13 317 23
14 332 3
15 320 30
16 355 4
17 315 26
18 344 10
19 328 47
20 334 5
21 333 29
22 334 8
23 332 21
24 329 27
25 336 3
26 337 6
27 338 24
28 315 3
29 333 4
30 322 21
31 329 5
32 340 6
33 341 43
34 337 3
35 325 3
36 320 23
37 325 3
38 320 23
39 329 2
40 328 5
41 329 38
42 338 3
43 319 5
44 345 24
45 321 3
46 330 22
47 332 3
48 354 21
49 329 4
50 341 5
51 343 26
52 316 4
53 344 4
54 327 21
55 321 3
56 326 4
57 345 19
58 334 3
59 332 17
60 332 3
61 330 4
62 330 4
63 335 9
64 337 10
65 334 3
66 331 4
67 332 4
68 347 5
69 327 5
70 346 4
71 317 7
72 349 3
73 332 3
74 336 5
75 351 11
76 324 5
77 342 5
78 331 4
79 330 6
80 327 6
81 342 4
82 329 7
83 341 4
84 335 5
85 331 15
86 339 5
87 338 24
88 334 4
89 337 17
90 348 5
91 314 3
92 345 7
93 359 5
94 313 2
95 340 3
96 325 3
97 336 3
98 323 3
99 330 5
100 319 5
101 336 6
102 355 15
103 318 4
104 335 9
105 330 13
106 337 3
107 331 11
108 326 6
109 342 4
110 325 6
111 343 6
112 315 4
113 328 4
114 337 5
115 330 3
116 326 5
117 335 3
118 326 5
119 336 3
120 329 3
121 306 5
122 341 3
123 318 5
124 341 12
125 338 10
126 346 10
127 329 9
128 340 6
129 334 3
130 324 5
131 328 4
132 328 6
133 334 10
134 335 4
135 335 6
136 325 5
137 337 6
138 326 3
139 332 4
140 332 9
141 338 3
142 326 4
143 333 7
144 329 6
145 354 8
146 318 3
147 355 4
148 322 9
149 338 6
150 315 3
151 337 7
152 343 5
153 308 4
154 336 6
155 341 5
156 330 4
157 326 3
158 337 8
159 331 4
160 341 7
161 331 5
162 339 5
163 337 6
164 334 3
165 337 3
166 323 4
167 347 5
168 333 5
169 333 4
170 351 8
171 326 4
172 339 3
173 329 8
174 337 5
175 337 5
176 333 3
177 332 4
178 333 4
179 344 6
180 339 6
181 344 7
182 326 3
183 334 12
184 341 6
185 329 4
186 331 8
187 344 4
188 330 5
189 339 7
190 322 6
191 344 6
192 321 5
193 355 4
194 319 5
195 333 9
196 331 4
197 338 4
198 314 4
199 349 10
200 307 3
201 348 3
202 322 5
203 338 9
204 343 6
205 322 9
206 342 3
207 313 4
208 334 3
209 329 6
210 338 4
211 310 6
212 346 16
213 329 5
214 332 4
215 352 11
216 323 5
217 352 4
218 328 5
219 345 5
220 337 7
221 340 18
222 344 8
223 326 5
224 336 3
225 320 4
226 329 5
227 331 7
228 324 3
229 329 5
230 325 5
231 339 3
232 324 4
233 341 4
234 332 4
235 325 6
236 331 3
237 328 4
238 339 5
239 326 5
240 335 9
241 327 4
242 327 3
243 325 5
244 343 8
245 335 11
246 329 5
247 343 5
248 328 4
249 335 4
250 327 4
251 338 4
252 314 5
253 355 15
254 317 5
255 365 7
256 313 4
257 355 6
258 328 8
259 337 5
260 330 5
261 329 3
262 342 4
263 323 8
264 335 5
265 339 5
266 332 15
267 331 5
268 337 3
269 321 4
270 340 6
271 322 9
272 344 6
273 326 4
274 338 4
275 333 4
276 332 6
277 336 7
278 325 5
279 330 4
280 326 3
281 335 6
282 346 7
283 328 8
284 337 4
285 337 8
286 332 6
287 323 9
288 332 4
289 332 13
290 320 5
291 354 8
292 322 5
293 343 7
294 340 10
295 351 7
296 331 5
297 327 5
298 338 4
299 336 6
300 335 4
301 324 4
302 340 7
303 320 7
304 342 6
305 338 7
306 324 4
307 346 9
308 332 5
309 326 4
310 327 4
311 349 6
312 324 4
313 338 3
314 327 3
315 315 4
316 337 3
317 318 4
318 337 5
319 329 5
320 340 14
321 322 5
322 331 4
323 335 5
324 324 5
325 330 13
326 334 4
327 334 5
328 349 6
329 338 23
330 325 5
331 337 3
332 339 6
333 327 9
334 333 6
335 327 25
336 320 3
337 334 4
338 326 3
339 316 3
340 350 22
341 333 8
342 330 18
343 328 3
344 341 4
345 325 5
346 339 4
347 341 5
348 321 4
349 339 33
350 330 4
351 343 4
352 333 5
353 323 4
354 338 4
355 320 4
356 342 5
357 338 10
358 326 3
359 341 6
360 336 9
361 352 5
362 326 28
363 336 6
364 319 8
365 344 8
366 331 4
367 347 7
368 322 4
369 346 4
370 312 3
371 347 3
372 323 6
373 339 4
374 339 5
375 327 4
376 332 5
377 348 17
378 326 19
379 345 8
380 339 4
381 334 6
382 344 7
383 333 14
384 317 4
385 353 6
386 334 8
387 327 6
388 337 7
389 348 6
390 327 7
391 323 5
392 343 4
393 330 6
394 338 3
395 327 3
396 333 3
397 336 20
398 328 3
399 336 4
400 344 4
401 323 3
402 339 3
403 340 3
404 337 5
405 327 3
406 345 7
407 321 6
408 344 9
409 333 4
410 339 13
411 313 4
412 355 8
413 322 3
414 344 4
415 349 33
416 322 3
417 353 5
418 319 7
419 352 4
420 315 6
421 352 6
422 327 7
423 333 6
424 335 4
425 321 5
426 351 5
427 325 8
428 345 4
429 326 4
430 342 6
431 329 3
432 327 4
433 337 6
434 344 8
435 329 3
436 318 25
437 336 3
438 322 3
439 336 4
440 328 18
441 338 3
442 332 12
443 322 3
444 335 5
445 342 4
446 332 4
447 336 4
448 331 5
449 341 4
450 323 15
451 336 7
452 341 5
453 330 6
454 347 7
455 320 4
456 346 8
457 328 6
458 339 3
459 337 5
460 348 6
461 338 5
462 333 4
463 332 23
464 336 3
465 331 5
466 334 3
467 333 5
468 326 23
469 334 4
470 330 4
471 351 15
472 329 5
473 341 3
474 336 6
475 333 6
476 339 5
477 330 26
478 333 3
479 340 6
480 334 4
481 332 6
482 331 6
483 334 4
484 338 5
485 332 32
486 336 5
487 325 16
488 337 5
489 340 5
490 327 3
491 328 4
492 329 12
493 334 4
494 330 4
495 327 3
496 333 6
497 346 6
498 330 6
499 342 17
500 333 5
501 338 5
502 342 4
503 306 21
504 345 5
505 321 5
506 354 12
507 322 4
508 331 3
509 339 13
510 321 4
511 344 5
512 331 3
513 333 5
514 331 4
515 347 10
516 323 4
517 333 31
518 339 4
519 327 4
520 347 4
521 320 36
522 345 24
523 331 9
524 331 4
525 332 17
526 342 8
527 327 3
528 338 5
529 327 3
530 337 5
531 345 3
532 342 8
533 328 7
534 320 4
535 340 19
536 340 5
537 313 6
538 335 4
539 339 4
540 332 3
541 341 5
542 333 3
543 333 5
544 337 7
545 354 10
546 330 4
547 334 3
548 345 4
549 333 4
550 339 6
551 331 17
552 345 4
553 342 14
554 348 4
555 326 4
556 344 9
557 338 5
558 332 3
559 338 5
560 322 3
561 332 3
562 333 4
563 339 4
564 329 4
565 353 14
566 326 10
567 345 3
568 335 3
569 340 3
570 335 4
571 329 5
572 331 4
573 335 4
574 341 5
575 323 3
576 334 3
577 330 23
578 330 5
579 331 9
580 333 6
581 325 4
582 346 4
583 326 4
584 337 4
585 336 3
586 337 8
587 344 5
588 332 5
589 321 17
590 340 5
591 323 3
592 352 4
593 324 3
594 336 20
595 350 4
596 317 4
597 342 6
598 329 5
599 327 5
600 335 3
601 326 3
602 356 5
603 334 3
604 344 4
605 338 3
606 346 6
607 354 9
608 344 7
609 334 3
610 346 11
611 344 4
612 348 6
613 342 6
614 349 4
615 341 14
616 342 5
617 340 4
618 348 4
619 346 4
620 343 5
621 338 4
622 345 5
623 343 5
624 345 9
625 344 7
626 355 5
627 344 7
628 352 7
629 349 8
630 331 4
631 343 3
632 331 3
633 343 5
634 347 7
635 322 11
636 352 14
637 336 6
638 345 6
639 353 5
640 341 7
641 337 5
642 351 7
643 334 4
644 349 4
645 338 5
646 337 4
647 339 6
648 336 6
649 347 7
650 340 5
651 347 8
652 339 5
653 345 4
654 341 5
655 345 5
656 347 6
657 343 4
658 344 7
659 343 4
660 342 4
661 334 9
662 342 4
663 342 3
664 336 17
665 344 5
666 340 5
667 343 5
668 346 5
669 341 4
670 331 7
671 353 6
672 317 7
673 375 6
674 323 9
675 349 5
676 337 7
677 347 4
678 343 4
679 349 11
680 336 9
681 361 6
682 340 13
683 341 4
684 355 6
685 325 3
686 349 4
687 337 5
688 346 7
689 348 5
690 325 8
691 357 5
692 326 3
693 340 3
694 339 3
695 343 4
696 335 5
697 345 6
698 339 8
699 344 9
700 345 4
701 347 5
702 341 8
703 354 6
704 339 5
705 361 4
706 317 5
707 357 3
708 347 5
709 317 3
710 361 5
711 335 4
712 358 5
713 318 4
714 362 17
715 328 5
716 353 8
717 333 5
718 340 4
719 339 6
720 335 6
721 345 4
722 336 6
723 344 5
724 349 4
725 367 9
726 333 5
727 353 5
728 339 5
729 338 3
730 347 3
731 339 3
732 336 6
733 346 7
734 331 3
735 352 6
736 336 8
737 344 5
738 330 3
739 331 4
740 353 6
741 336 4
742 352 3
743 345 3
744 352 5
745 332 4
746 343 3
747 330 4
748 353 4
749 330 4
750 356 7
751 343 4
752 339 3
753 338 3
754 332 4
755 359 3
756 324 3
757 352 7
758 329 8
759 355 4
760 338 4
761 341 3
762 339 5
763 349 12
764 336 8
765 361 6
766 321 3
767 358 4
768 340 4
769 344 32
770 354 9
771 352 3
772 337 3
773 338 9
774 355 4
775 328 6
776 341 9
777 340 3
778 337 5
779 345 10
780 352 14
781 326 9
782 353 5
783 343 4
784 333 13
785 359 11
786 337 8
787 344 4
788 340 10
789 348 4
790 340 3
791 350 3
792 340 4
793 348 9
794 332 16
795 347 10
796 342 4
797 344 6
798 354 8
799 345 9
800 349 4
801 329 13
802 344 10
803 323 7
804 358 4
805 324 6
806 344 3
807 352 4
808 331 4
809 356 4
810 323 16
811 349 4
812 327 10
813 357 5
814 326 4
815 350 3
816 337 3
817 341 3
818 329 4
819 353 4
820 330 3
821 349 4
822 336 13
823 348 3
824 337 4
825 333 3
826 347 6
827 330 5
828 369 11
829 334 6
830 350 4
831 329 5
832 348 5
833 347 6
834 330 4
835 349 3
836 333 4
837 338 4
838 343 5
839 328 12
840 350 12
841 329 17
842 348 11
843 346 5
844 340 7
845 338 11
846 343 19
847 333 4
848 361 4
849 330 3
850 354 9
851 346 4
852 357 3
853 340 5
854 342 6
855 343 7
856 346 6
857 339 7
858 346 26
859 338 6
860 356 14
861 329 3
862 350 27
863 346 7
864 342 6
865 339 5
866 354 10
867 348 7
868 321 4
869 342 8
870 337 5
871 347 18
872 331 9
873 349 10
874 339 28
875 353 5
876 331 4
877 356 5
878 337 5
879 347 4
880 357 6
881 341 4
882 353 4
883 353 5
884 337 12
885 327 3
886 361 5
887 332 3
888 332 3
889 350 4
890 326 41
891 353 4
892 343 4
893 348 3
894 333 3
895 346 4
896 347 3
897 329 5
898 340 3
899 336 14
900 340 6
901 331 9
902 339 3
903 351 5
904 336 4
905 347 4
906 342 5
907 343 5
908 345 5
909 335 4
910 353 15
911 335 5
912 354 18
913 339 13
914 352 16
915 324 7
916 373 6
917 326 15
918 344 5
919 342 4
920 341 5
921 343 4
922 329 4
923 352 3
924 332 13
925 347 9
926 351 5
927 330 6
928 350 3
929 337 3
930 340 3
931 335 4
932 350 13
933 335 7
934 346 6
935 342 11
936 345 8
937 352 8
938 336 4
939 352 5
940 322 4
941 345 6
942 342 11
943 352 5
944 341 9
945 356 8
946 322 21
947 348 7
948 340 21
949 322 4
950 335 5
951 336 3
952 334 3
953 351 4
954 325 5
955 338 9
956 336 5
957 338 4
958 334 5
959 348 4
960 330 6
961 348 8
962 321 3
963 342 4
964 337 12
965 341 13
966 326 4
967 334 5
968 330 4
969 335 6
970 331 14
971 352 8
972 335 19
973 346 16
974 337 19
975 348 7
976 343 12
977 336 4
978 330 13
979 325 5
980 338 9
981 325 3
982 345 14
983 324 4
984 346 19
985 336 7
986 341 9
987 340 12
988 331 3
989 338 6
990 345 4
991 322 4
992 348 13
993 334 14
994 344 21
995 348 7
996 331 11
997 342 12
998 357 6
999 323 3
1000 344 4
1 324 133
2 341 10
3 343 137
4 338 6
5 330 3
6 334 4
7 349 138
8 325 34
9 354 134
10 321 12
11 353 134
12 332 5
13 336 141
14 344 6
15 326 140
16 349 34
17 314 128
18 353 6
19 318 5
20 359 143
21 329 5
22 349 138
23 342 8
24 344 141
25 340 5
26 349 141
27 345 8
28 342 10
29 336 7
30 369 134
31 327 7
32 365 31
33 312 130
34 357 33
35 317 3
36 326 33
37 344 5
38 334 35
39 324 134
40 327 34
41 349 4
42 316 34
43 337 13
44 340 36
45 332 6
46 333 33
47 351 7
48 336 8
49 352 132
50 331 5
51 337 130
52 334 8
53 350 8
54 343 134
55 340 5
56 345 35
57 338 6
58 330 129
59 350 3
60 331 38
61 337 5
62 325 4
63 348 5
64 340 5
65 332 3
66 349 33
67 320 3
68 353 5
69 335 6
70 339 132
71 334 3
72 341 34
73 337 4
74 340 4
75 336 35
76 348 7
77 319 36
78 351 7
79 323 131
80 357 40
81 333 4
82 338 134
83 336 38
84 342 132
85 343 5
86 350 35
87 323 4
88 348 130
89 325 35
90 353 4
91 336 7
92 359 128
93 327 7
94 340 35
95 333 124
96 324 33
97 355 5
98 333 124
99 337 4
100 326 37
101 342 5
102 343 131
103 342 3
104 328 34
105 346 4
106 336 5
107 330 126
108 339 4
109 343 13
110 341 37
111 334 127
112 338 36
113 352 8
114 322 32
115 357 17
116 323 9
117 365 28
118 326 5
119 352 118
120 319 3
121 335 22
122 345 3
123 344 23
124 338 9
125 358 36
126 317 5
127 363 34
128 332 6
129 328 26
130 349 14
131 343 14
132 346 23
133 338 9
134 347 26
135 335 8
136 334 26
137 355 8
138 332 28
139 346 6
140 344 25
141 330 120
142 351 26
143 344 13
144 328 25
145 340 15
146 342 30
147 357 9
148 339 26
149 333 7
150 352 27
151 332 5
152 349 3
153 337 24
154 336 7
155 344 27
156 348 9
157 339 32
158 351 11
159 331 24
160 344 5
161 340 5
162 341 123
163 333 25
164 347 10
165 342 30
166 352 7
167 347 25
168 333 5
169 343 24
170 338 7
171 339 30
172 351 9
173 330 30
174 343 5
175 341 7
176 333 19
177 330 6
178 327 28
179 330 10
180 371 121
181 321 27
182 369 4
183 321 27
184 343 3
185 331 28
186 317 4
187 342 29
188 323 4
189 345 29
190 325 4
191 340 118
192 348 5
193 332 4
194 357 128
195 332 6
196 330 28
197 311 3
198 355 30
199 326 4
200 348 30
201 338 4
202 353 29
203 360 6
204 327 29
205 347 4
206 316 28
207 331 6
208 358 117
209 326 6
210 349 6
211 347 112
212 339 6
213 349 113
214 334 8
215 340 112
216 332 3
217 351 110
218 336 4
219 349 109
220 317 4
221 359 113
222 323 6
223 340 120
224 338 8
225 328 110
226 338 5
227 344 114
228 326 11
229 352 6
230 328 5
231 326 107
232 345 3
233 329 3
234 324 106
235 347 7
236 334 110
237 353 4
238 333 106
239 348 11
240 342 5
241 349 106
242 346 7
243 344 6
244 338 105
245 357 5
246 334 15
247 357 107
248 338 9
249 343 4
250 343 106
251 352 4
252 325 102
253 340 7
254 350 11
255 331 102
256 335 6
257 330 6
258 327 151
259 334 5
260 319 69
261 325 4
262 336 155
263 338 11
264 347 155
265 319 4
266 334 150
267 327 7
268 335 9
269 329 154
270 328 10
271 335 148
272 329 3
273 338 57
274 327 3
275 333 148
276 326 5
277 345 150
278 323 5
279 328 6
280 339 147
281 327 6
282 326 157
283 322 11
284 340 150
285 340 12
286 333 148
287 326 7
288 327 4
289 335 147
290 320 64
291 326 147
292 335 4
293 318 3
294 332 146
295 325 6
296 333 6
297 334 146
298 318 3
299 339 146
300 310 64
301 344 146
302 319 8
303 345 146
304 322 62
305 345 144
306 324 4
307 334 144
308 326 6
309 341 148
310 325 6
311 339 7
312 320 145
313 329 5
314 323 142
315 332 7
316 310 6
317 346 142
318 324 4
319 340 143
320 323 6
321 327 146
322 320 57
323 337 142
324 321 5
325 324 157
326 327 4
327 344 143
328 314 4
329 337 139
330 318 5
331 332 153
332 326 3
333 328 140
334 329 5
335 319 4
336 329 139
337 313 5
338 334 138
339 335 7
340 327 142
341 334 5
342 308 136
343 337 9
344 333 6
345 315 132
346 332 5
347 328 133
348 317 54
349 335 5
350 319 129
351 334 5
352 325 114
353 331 5
354 320 111
355 336 4
356 328 117
357 326 4
358 320 35
359 323 5
360 328 104
361 324 3
362 332 4
363 328 3
364 330 5
365 334 8
366 315 8
367 338 7
368 335 8
369 314 3
370 323 6
371 326 6
372 327 5
373 314 3
374 335 12
375 314 3
376 326 4
377 331 6
378 336 6
379 322 3
380 333 10
381 332 8
382 326 6
383 329 8
384 318 6
385 341 6
386 322 7
387 339 6
388 329 6
389 338 6
390 326 5
391 324 7
392 336 8
393 329 7
394 346 6
395 315 5
396 350 4
397 308 9
398 349 13
399 319 4
400 345 5
401 318 7
402 334 5
403 322 7
404 324 3
405 331 8
406 336 7
407 326 17
408 331 5
409 320 3
410 324 6
411 333 5
412 319 5
413 335 8
414 321 5
415 336 6
416 320 7
417 327 5
418 321 5
419 336 8
420 328 6
421 324 8
422 332 11
423 344 11
424 346 8
425 311 8
426 340 6
427 328 9
428 341 9
429 309 4
430 359 8
431 310 10
432 338 4
433 325 4
434 324 5
435 328 8
436 345 13
437 320 5
438 336 4
439 322 7
440 344 6
441 322 7
442 343 5
443 325 5
444 330 6
445 314 3
446 338 4
447 333 7
448 327 4
449 343 10
450 326 3
451 321 11
452 330 4
453 314 5
454 342 5
455 327 6
456 333 6
457 325 4
458 301 5
459 342 4
460 328 6
461 334 15
462 342 9
463 322 4
464 327 7
465 332 7
466 332 4
467 321 4
468 348 7
469 330 5
470 320 3
471 336 5
472 312 4
473 331 4
474 319 6
475 340 4
476 316 5
477 339 6
478 325 10
479 337 5
480 317 6
481 339 6
482 317 4
483 340 4
484 316 3
485 336 5
486 335 6
487 316 3
488 344 4
489 296 3
490 356 3
491 308 3
492 335 3
493 316 5
494 342 10
495 316 4
496 324 5
497 330 4
498 320 3
499 328 4
500 332 6
501 327 16
502 345 21
503 325 5
504 326 7
505 332 4
506 326 4
507 324 5
508 322 14
509 332 6
510 313 3
511 334 4
512 326 6
513 324 5
514 341 5
515 318 7
516 327 10
517 324 5
518 336 11
519 335 5
520 333 5
521 317 10
522 335 3
523 328 6
524 331 5
525 324 3
526 336 6
527 331 4
528 328 4
529 336 8
530 323 4
531 333 11
532 319 12
533 332 4
534 326 12
535 339 5
536 319 3
537 341 9
538 315 3
539 338 6
540 338 3
541 321 5
542 330 5
543 348 5
544 325 6
545 336 5
546 330 4
547 337 3
548 319 4
549 338 3
550 343 5
551 322 7
552 334 5
553 321 17
554 327 4
555 340 23
556 319 4
557 334 5
558 333 5
559 329 5
560 331 14
561 336 5
562 324 5
563 342 8
564 329 11
565 337 7
566 331 9
567 333 6
568 327 8
569 324 9
570 324 5
571 332 7
572 331 9
573 336 8
574 325 3
575 340 5
576 315 6
577 325 9
578 329 3
579 320 7
580 341 17
581 323 7
582 316 3
583 334 5
584 328 14
585 339 7
586 312 14
587 335 7
588 323 7
589 326 3
590 321 6
591 334 10
592 326 4
593 325 21
594 326 4
595 356 4
596 334 4
597 354 6
598 329 13
599 354 8
600 335 5
601 344 4
602 340 11
603 343 6
604 349 5
605 346 7
606 343 12
607 359 5
608 337 7
609 352 5
610 353 6
611 340 5
612 350 9
613 352 6
614 346 15
615 337 8
616 351 3
617 337 7
618 354 6
619 327 3
620 356 4
621 348 4
622 346 8
623 355 12
624 335 7
625 345 4
626 350 12
627 334 16
628 347 4
629 337 6
630 360 9
631 333 6
632 355 8
633 335 5
634 357 6
635 335 4
636 343 4
637 336 4
638 345 3
639 348 5
640 318 5
641 365 15
642 310 3
643 355 11
644 338 6
645 333 14
646 350 7
647 351 11
648 333 4
649 356 5
650 343 3
651 338 4
652 353 5
653 333 5
654 344 5
655 354 5
656 335 3
657 353 6
658 326 6
659 363 11
660 314 3
661 366 5
662 328 3
663 358 3
664 326 2
665 363 8
666 340 9
667 348 9
668 334 3
669 351 5
670 323 4
671 355 4
672 328 9
673 354 20
674 341 4
675 333 3
676 341 4
677 352 7
678 338 6
679 346 5
680 338 5
681 335 9
682 352 5
683 338 16
684 349 7
685 344 8
686 345 4
687 342 8
688 334 5
689 343 5
690 330 8
691 345 4
692 333 17
693 352 7
694 337 5
695 342 7
696 336 7
697 354 5
698 338 6
699 346 8
700 348 17
701 360 18
702 333 8
703 349 5
704 343 6
705 361 20
706 321 4
707 349 11
708 335 7
709 355 9
710 344 6
711 341 7
712 350 10
713 342 7
714 338 4
715 338 5
716 344 5
717 338 8
718 340 3
719 343 7
720 345 20
721 346 10
722 342 13
723 335 4
724 347 15
725 338 5
726 344 17
727 361 8
728 337 8
729 353 11
730 344 7
731 347 12
732 339 5
733 344 5
734 343 7
735 354 8
736 333 9
737 357 22
738 349 7
739 347 7
740 345 3
741 345 6
742 340 7
743 355 6
744 317 4
745 348 7
746 332 6
747 355 11
748 354 10
749 367 11
750 354 7
751 338 4
752 338 5
753 343 6
754 350 5
755 345 9
756 335 3
757 352 3
758 340 4
759 345 6
760 349 9
761 347 6
762 343 7
763 337 5
764 348 16
765 345 4
766 333 7
767 357 4
768 351 7
769 346 6
770 355 11
771 338 3
772 348 8
773 350 7
774 361 7
775 321 3
776 360 4
777 323 6
778 353 3
779 338 3
780 349 5
781 353 7
782 348 8
783 349 4
784 332 6
785 354 5
786 348 5
787 347 4
788 331 6
789 354 5
790 336 4
791 339 5
792 359 16
793 351 6
794 338 6
795 354 8
796 351 6
797 339 6
798 351 5
799 334 6
800 346 3
801 334 3
802 352 7
803 331 5
804 354 7
805 329 6
806 348 3
807 328 19
808 362 6
809 319 12
810 364 4
811 322 3
812 347 6
813 338 7
814 331 4
815 353 8
816 329 4
817 357 5
818 314 6
819 349 4
820 338 9
821 332 6
822 348 5
823 336 4
824 344 11
825 335 10
826 353 12
827 334 10
828 339 14
829 347 15
830 359 13
831 339 6
832 351 4
833 327 6
834 348 6
835 335 5
836 350 9
837 353 13
838 335 6
839 344 7
840 357 12
841 340 7
842 356 8
843 313 3
844 356 7
845 340 8
846 335 7
847 347 15
848 344 16
849 330 5
850 346 16
851 337 7
852 346 17
853 342 16
854 350 13
855 346 8
856 341 7
857 335 3
858 359 11
859 330 6
860 361 10
861 328 10
862 361 7
863 336 13
864 356 5
865 336 19
866 339 3
867 337 6
868 341 12
869 333 9
870 359 7
871 336 11
872 364 15
873 333 4
874 336 9
875 356 6
876 337 6
877 355 9
878 323 8
879 360 12
880 333 4
881 349 8
882 335 7
883 353 6
884 340 7
885 357 22
886 344 8
887 360 17
888 332 6
889 355 7
890 325 8
891 358 9
892 333 6
893 352 11
894 342 6
895 352 4
896 335 5
897 334 5
898 349 3
899 339 6
900 344 8
901 352 14
902 350 8
903 344 5
904 346 8
905 348 10
906 338 12
907 339 4
908 347 13
909 361 13
910 335 4
911 360 6
912 322 6
913 353 5
914 343 23
915 330 4
916 346 14
917 334 4
918 340 6
919 341 4
920 343 5
921 327 3
922 343 3
923 331 5
924 350 5
925 341 8
926 353 10
927 327 5
928 352 5
929 332 4
930 352 4
931 340 7
932 343 6
933 344 4
934 349 5
935 328 6
936 366 16
937 343 6
938 333 4
939 353 7
940 337 13
941 352 7
942 347 15
943 345 7
944 354 6
945 330 6
946 356 4
947 347 8
948 352 5
949 344 4
950 353 11
951 358 6
952 349 17
953 336 3
954 349 5
955 342 5
956 339 4
957 353 4
958 350 5
959 351 6
960 355 9
961 342 5
962 365 7
963 340 7
964 343 6
965 351 9
966 339 5
967 353 21
968 346 11
969 340 8
970 349 8
971 350 16
972 337 3
973 343 7
974 344 4
975 352 4
976 340 9
977 363 5
978 331 5
979 346 4
980 348 6
981 341 10
982 354 7
983 335 4
984 349 6
985 351 7
986 337 14
987 350 9
988 339 5
989 356 13
990 345 7
991 354 9
992 334 12
993 349 5
994 338 6
995 348 6
996 342 7
997 334 5
998 353 5
999 334 8
1000 355 5
