1 356 8502
2 393 7339
3 391 6725
4 389 7695
5 383 7038
6 374 7287
7 374 7162
8 387 7920
9 359 6789
10 388 7042
11 379 7420
12 403 7406
13 361 7246
14 388 7735
15 367 6993
16 368 8077
17 364 7574
18 373 7830
19 380 7130
20 369 7137
21 392 7600
22 370 7235
23 377 7793
24 365 6852
25 387 7501
26 388 7235
27 371 8171
28 369 6994
29 377 7319
30 383 7417
31 382 7094
32 385 7811
33 379 7776
34 374 7270
35 383 7274
36 383 7969
37 383 7220
38 380 7823
39 361 6909
40 379 6969
41 379 7178
42 384 7650
43 380 7100
44 365 7510
45 381 6998
46 398 8225
47 375 7741
48 389 7641
49 381 7097
50 387 6991
51 381 7526
52 392 7467
53 378 7513
54 380 7356
55 390 7124
56 386 7267
57 373 7102
58 394 7865
59 375 6236
60 401 7324
61 382 7920
62 396 7388
63 383 7895
64 386 7409
65 389 7691
66 389 7262
67 377 7706
68 393 7400
69 387 7502
70 377 6953
71 390 7524
72 376 7272
73 385 7860
74 380 6805
75 386 7252
76 387 8340
77 370 7154
78 387 7217
79 385 6554
80 387 6657
81 366 6918
82 373 6999
83 370 7294
84 383 7396
85 379 7303
86 386 7104
87 385 7559
88 391 7445
89 390 6911
90 382 7690
91 391 7147
92 382 7608
93 380 7611
94 381 7533
95 382 7609
96 366 7279
97 398 7133
98 366 6914
99 391 7122
100 398 7477
101 382 7436
102 370 6891
103 377 7173
104 366 7907
105 405 8172
106 391 6537
107 378 7104
108 379 6669
109 377 6712
110 389 7374
111 389 7401
112 386 7602
113 368 7274
114 389 7974
115 384 6686
116 386 7498
117 381 7549
118 388 7941
119 370 7595
120 375 7301
121 387 7212
122 379 7146
123 364 7577
124 382 7819
125 377 7665
126 385 7819
127 371 7862
128 386 7266
129 375 7660
130 388 7421
131 392 6613
132 371 7124
133 368 7689
134 394 7941
135 371 7012
136 374 6575
137 381 7298
138 374 7933
139 384 6882
140 393 7125
141 395 6695
142 374 7588
143 376 7043
144 395 7412
145 382 7640
146 380 6971
147 371 8061
148 381 7809
149 370 6848
150 383 7101
151 395 7452
152 385 7075
153 397 7519
154 378 6715
155 376 7772
156 382 7505
157 384 7008
158 401 7427
159 404 7250
160 370 7109
161 379 7064
162 375 7964
163 379 7778
164 383 7379
165 399 7417
166 394 7339
167 383 6850
168 391 8059
169 381 7488
170 377 7214
171 380 7367
172 377 6781
173 375 6985
174 383 7092
175 384 7104
176 391 7419
177 395 7140
178 395 7276
179 382 7713
180 383 7038
181 363 7330
182 367 7051
183 390 7220
184 368 7752
185 382 6868
186 382 7120
187 382 7076
188 364 7346
189 389 7224
190 376 7165
191 371 6894
192 396 6774
193 397 7409
194 403 7023
195 390 7789
196 393 7130
197 377 7091
198 366 7566
199 372 7203
200 384 7195
201 396 7980
202 393 7410
203 385 7130
204 393 7182
205 388 7086
206 395 6581
207 375 6906
208 374 7359
209 395 7494
210 393 7073
211 376 7438
212 384 7946
213 386 6930
214 378 6817
215 394 7331
216 388 6908
217 393 7267
218 384 7376
219 379 6242
220 369 7533
221 399 6550
222 390 6792
223 386 7301
224 365 7237
225 380 7560
226 385 5973
227 389 6692
228 383 6923
229 389 6657
230 377 7043
231 368 7227
232 386 7344
233 377 7088
234 363 6887
235 392 7085
236 367 7115
237 391 6992
238 389 7030
239 374 7282
240 381 6907
241 386 6918
242 350 7062
243 399 7356
244 390 6958
245 378 7612
246 370 6931
247 384 7055
248 386 7624
249 386 7121
250 395 6918
251 396 7508
252 382 7097
253 387 6966
254 396 7821
255 397 7109
256 375 7127
257 389 6688
258 383 7048
259 385 6988
260 410 7185
261 397 7511
262 399 7125
263 390 6735
264 385 6774
265 404 6839
266 389 6547
267 377 6900
268 405 6945
269 387 6936
270 396 6994
271 406 7373
272 372 7615
273 394 7288
274 389 7500
275 392 6950
276 383 7261
277 395 6792
278 395 7256
279 403 7039
280 396 6426
281 400 7843
282 396 7405
283 392 7220
284 418 7859
285 399 7377
286 405 7113
287 415 7393
288 401 7072
289 406 7074
290 387 6789
291 396 6961
292 390 7130
293 406 7738
294 392 7771
295 388 7388
296 394 7686
297 403 7137
298 391 6899
299 397 7379
300 391 7201
301 383 7173
302 410 8000
303 391 6834
304 401 7321
305 359 7290
306 390 7735
307 394 7869
308 375 7209
309 414 7329
310 393 7210
311 406 7474
312 400 7498
313 378 7197
314 390 7055
315 382 7054
316 401 6586
317 393 6491
318 397 7485
319 372 7004
320 399 7172
321 386 7421
322 400 7817
323 375 6333
324 409 7077
325 384 6845
326 404 7451
327 392 7804
328 402 8094
329 384 7056
330 376 7166
331 390 7173
332 399 7421
333 385 6683
334 403 7765
335 399 7532
336 404 7932
337 402 7083
338 397 6573
339 384 7335
340 392 6656
341 393 6914
342 399 7001
343 392 7044
344 390 6891
345 399 7175
346 395 7605
347 407 7188
348 407 7013
349 401 7400
350 397 6984
351 398 7216
352 380 6889
353 410 7521
354 386 6360
355 404 7032
356 393 7421
357 406 7383
358 393 7339
359 386 7057
360 396 7008
361 395 7259
362 391 6983
363 396 6657
364 380 7304
365 402 7089
366 395 7142
367 405 6916
368 401 6546
369 416 7433
370 407 6746
371 400 7315
372 392 6205
373 406 6524
374 407 7018
375 410 7219
376 384 6582
377 393 7464
378 385 7357
379 396 7332
380 399 7047
381 390 7025
382 393 7371
383 400 7286
384 395 6787
385 397 6846
386 409 6853
387 405 6932
388 392 6959
389 403 7307
390 380 7270
391 395 7435
392 402 7465
393 382 6292
394 392 7099
395 398 6554
396 404 7007
397 405 7456
398 381 7033
399 404 6692
400 393 7577
401 392 7032
402 395 6953
403 398 6442
404 387 6910
405 402 6875
406 394 6676
407 405 7225
408 401 6502
409 400 7102
410 402 6818
411 408 7473
412 401 7404
413 397 6979
414 381 7397
415 401 7807
416 394 6402
417 400 6809
418 390 7080
419 391 7344
420 406 7938
421 405 6802
422 395 7210
423 390 7111
424 391 6412
425 406 6902
426 388 6588
427 386 6966
428 391 6272
429 386 7206
430 404 7048
431 395 7250
432 397 6722
433 414 6784
434 389 6270
435 401 7377
436 391 7795
437 386 6474
438 401 7553
439 403 6855
440 384 6885
441 397 6989
442 380 7031
443 395 7042
444 404 7551
445 407 7421
446 387 6442
447 391 7062
448 398 7352
449 397 6661
450 400 7436
451 376 6645
452 410 6900
453 392 6724
454 401 6860
455 398 6972
456 393 6521
457 397 7087
458 404 7011
459 394 6437
460 399 7365
461 393 6657
462 379 7164
463 391 7324
464 402 7062
465 389 6886
466 403 7686
467 391 6565
468 384 6639
469 398 7335
470 382 7302
471 408 7406
472 413 7004
473 407 6949
474 407 7085
475 384 6697
476 403 7028
477 390 7347
478 406 6468
479 377 6699
480 400 7044
481 412 7117
482 399 6388
483 410 7198
484 410 7598
485 398 6834
486 382 6316
487 382 7386
488 414 7054
489 368 6931
490 396 6961
491 390 7331
492 388 6510
493 399 7202
494 402 7636
495 400 6652
496 388 6996
497 409 7060
498 396 6403
499 399 6575
500 393 7606
501 405 6454
502 399 6793
503 397 6603
504 404 6753
505 401 6786
506 408 6791
507 411 6453
508 397 6382
509 402 7086
510 395 7288
511 400 6948
512 388 7069
513 393 7089
514 394 6545
515 377 7444
516 407 7143
517 406 7143
518 399 6781
519 407 6589
520 385 7410
521 399 7383
522 396 7325
523 403 6817
524 382 7580
525 405 7315
526 403 6886
527 401 7379
528 407 6465
529 390 6507
530 392 6827
531 401 7157
532 401 6930
533 400 7020
534 378 6731
535 409 7652
536 376 7147
537 397 7429
538 392 6786
539 402 7106
540 413 7014
541 379 7557
542 390 7733
543 400 7323
544 376 7007
545 402 6880
546 404 7355
547 381 7293
548 408 6266
549 404 6537
550 391 6540
551 386 7337
552 383 7817
553 405 6902
554 403 6476
555 406 7321
556 396 6862
557 397 6780
558 392 7071
559 392 6534
560 411 6853
561 390 7111
562 401 7063
563 374 6655
564 406 6999
565 412 7101
566 379 6976
567 399 6856
568 390 7332
569 402 7316
570 380 6868
571 388 6921
572 382 7494
573 390 7434
574 393 7323
575 389 7771
576 397 7478
577 385 7133
578 384 7108
579 383 8370
580 382 7946
581 410 7334
582 383 7464
583 400 7797
584 397 7182
585 399 8168
586 406 6967
587 414 7149
588 391 7313
589 400 7539
590 407 7103
591 410 7147
592 408 7351
593 396 8388
594 391 7763
595 401 8423
596 391 7291
597 391 7086
598 398 8485
599 405 7803
600 400 7610
601 394 7453
602 405 7653
603 385 7551
604 397 7385
605 394 7473
606 392 7602
607 407 7238
608 398 7760
609 401 7687
610 395 7926
611 390 7984
612 393 7466
613 388 8035
614 408 6896
615 418 7266
616 405 7400
617 406 7687
618 404 6905
619 394 7630
620 383 7972
621 394 6974
622 389 7822
623 402 7020
624 411 7950
625 410 7360
626 419 8015
627 403 7447
628 406 7871
629 416 8326
630 408 7867
631 395 7931
632 405 7585
633 405 7217
634 392 6940
635 399 7114
636 399 8116
637 397 7444
638 397 7240
639 395 8266
640 392 7429
641 390 7814
642 397 7602
643 395 7370
644 400 7267
645 400 7864
646 395 7360
647 412 7526
648 387 7031
649 404 7686
650 407 7708
651 381 7827
652 393 7377
653 377 7925
654 403 8011
655 399 7567
656 397 7585
657 420 7636
658 412 7510
659 404 7545
660 401 7441
661 408 7400
662 378 7657
663 408 8777
664 388 7495
665 412 7724
666 405 7633
667 394 6889
668 397 8026
669 400 7551
670 408 7734
671 405 8136
672 376 7446
673 409 7689
674 389 8810
675 405 7742
676 406 7236
677 382 7551
678 421 7892
679 385 7737
680 404 7706
681 407 7531
682 403 7873
683 407 7565
684 387 7459
685 391 7970
686 400 7355
687 414 7850
688 397 7359
689 402 7566
690 396 7909
691 408 7571
692 400 7896
693 395 7284
694 392 7380
695 392 7247
696 394 7505
697 398 7328
698 390 7572
699 400 7387
700 389 7403
701 403 7492
702 391 8105
703 395 7364
704 412 8493
705 409 7593
706 386 7574
707 390 7213
708 373 7894
709 398 7767
710 399 7319
711 393 7935
712 408 7397
713 403 7782
714 389 6690
715 391 8110
716 392 7937
717 400 7984
718 396 7298
719 407 7480
720 402 8156
721 394 7540
722 400 7601
723 393 7617
724 389 8170
725 389 7537
726 400 8235
727 414 7208
728 384 7594
729 410 7544
730 391 7986
731 407 7477
732 391 7586
733 396 7368
734 387 6883
735 387 7339
736 417 8128
737 395 7992
738 399 7300
739 392 7584
740 402 7198
741 413 7262
742 380 7456
743 404 7076
744 393 8350
745 398 7472
746 383 7699
747 402 8091
748 376 8332
749 398 7705
750 388 8025
751 389 7264
752 387 7805
753 405 8256
754 404 7635
755 374 7893
756 407 7927
757 369 7994
758 396 7607
759 391 7316
760 389 7162
761 394 7644
762 412 7445
763 376 8134
764 399 7636
765 384 7534
766 399 7549
767 409 7637
768 392 7227
769 406 8396
770 404 7906
771 385 8052
772 409 7609
773 387 8219
774 380 7371
775 374 7549
776 411 7185
777 402 8012
778 411 7890
779 395 8081
780 403 7944
781 392 8491
782 407 7353
783 408 7899
784 408 7674
785 394 8520
786 399 8134
787 388 7031
788 384 7518
789 395 7684
790 400 7706
791 375 7850
792 414 7268
793 393 7256
794 405 8273
795 397 8590
796 411 7414
797 386 8025
798 385 7241
799 394 7132
800 401 7398
801 410 7474
802 409 7471
803 402 7550
804 398 7066
805 399 7291
806 402 7542
807 397 7883
808 400 7125
809 380 7463
810 405 7405
811 400 7413
812 394 8067
813 385 7691
814 381 7986
815 387 7875
816 386 7659
817 399 6628
818 415 8001
819 380 7877
820 397 7888
821 380 7487
822 404 7308
823 388 7792
824 395 8260
825 407 7607
826 402 6977
827 418 8195
828 409 6999
829 403 8022
830 385 7493
831 395 6728
832 410 7976
833 398 7036
834 404 7207
835 397 8206
836 399 7472
837 399 8272
838 401 7176
839 412 7642
840 412 7803
841 413 7870
842 404 7346
843 406 7714
844 390 7227
845 401 7811
846 400 7258
847 398 7989
848 394 6998
849 405 6962
850 389 7974
851 385 7263
852 397 8187
853 389 8116
854 413 7347
855 415 7670
856 406 7429
857 392 7528
858 418 7850
859 394 7357
860 394 7460
861 404 7153
862 388 6816
863 402 7685
864 411 7581
865 407 7384
866 402 7493
867 396 7121
868 391 7219
869 382 7231
870 397 7817
871 397 7010
872 406 7179
873 410 6943
874 397 7397
875 389 7041
876 405 7842
877 397 7602
878 397 7392
879 386 8079
880 404 7977
881 413 7206
882 390 7245
883 397 7465
884 393 7529
885 391 8184
886 400 7421
887 396 7915
888 404 7544
889 389 7832
890 406 7141
891 399 7657
892 407 8427
893 400 7219
894 390 7709
895 393 7539
896 385 6770
897 404 7387
898 384 7019
899 414 7171
900 417 7352
901 399 7806
902 401 7923
903 380 7358
904 391 7763
905 382 7398
906 398 7220
907 382 7556
908 386 6921
909 396 7641
910 387 7222
911 409 7392
912 372 6518
913 390 7710
914 402 7240
915 389 7417
916 395 7501
917 401 7516
918 390 6704
919 389 6745
920 386 7257
921 384 7891
922 398 7186
923 404 7841
924 404 7561
925 404 7734
926 392 7708
927 381 7530
928 402 7340
929 387 7309
930 414 6691
931 382 7251
932 399 7173
933 377 7788
934 396 7654
935 409 7241
936 369 7270
937 401 7380
938 380 7709
939 402 7195
940 413 7935
941 397 7260
942 415 7429
943 404 7312
944 398 8051
945 385 7089
946 391 6493
947 418 7858
948 395 6696
949 413 7487
950 395 6795
951 411 6909
952 397 6981
953 412 6734
954 406 7737
955 416 6725
956 405 7128
957 409 7370
958 394 7232
959 409 7120
960 395 6958
961 400 6832
962 412 7601
963 382 7095
964 411 7704
965 406 7203
966 401 7063
967 406 7286
968 397 7307
969 401 7206
970 398 7441
971 400 7097
972 393 7053
973 394 6911
974 400 7415
975 410 6820
976 405 7013
977 405 6753
978 412 7440
979 399 7586
980 399 7338
981 379 7359
982 397 7530
983 403 7331
984 406 7469
985 407 7319
986 398 7456
987 405 7460
988 384 7740
989 400 7200
990 401 7253
991 402 7613
992 409 7688
993 391 7108
994 398 7624
995 393 7186
996 399 6732
997 395 7892
998 379 6801
999 409 5805
1000 383 7032
1 344 7341
2 390 7223
3 381 6997
4 359 6524
5 398 7703
6 362 7616
7 385 8147
8 386 7061
9 363 7538
10 398 7492
11 390 7652
12 378 7656
13 390 7968
14 396 7880
15 384 6815
16 379 8261
17 381 7313
18 398 6808
19 376 6911
20 376 6896
21 382 6793
22 367 7064
23 398 6710
24 366 7078
25 403 7377
26 395 7142
27 387 7347
28 398 7686
29 391 7497
30 379 7895
31 373 7081
32 377 7187
33 387 6885
34 393 7587
35 404 6760
36 385 8106
37 388 6591
38 395 7817
39 395 7380
40 365 6910
41 383 7437
42 364 7862
43 373 7100
44 381 7601
45 386 6863
46 380 7724
47 391 7133
48 388 6971
49 394 7589
50 395 7864
51 383 6839
52 389 7066
53 387 7246
54 388 7431
55 397 7136
56 385 7308
57 368 7448
58 385 7323
59 395 6895
60 395 6987
61 404 8257
62 398 7517
63 378 7492
64 369 6830
65 395 7457
66 383 7385
67 401 7752
68 379 7069
69 388 7589
70 376 7468
71 393 7339
72 371 7359
73 405 8393
74 370 7604
75 391 7876
76 380 8229
77 385 7299
78 388 7522
79 387 7460
80 370 7742
81 387 7570
82 380 7283
83 381 7708
84 386 7914
85 399 7653
86 380 7493
87 384 7389
88 376 7327
89 359 6998
90 392 7646
91 377 7317
92 382 7102
93 392 7767
94 385 7754
95 374 6942
96 393 7781
97 380 8339
98 362 7392
99 378 8062
100 383 7506
101 385 7225
102 393 7702
103 398 6933
104 387 6880
105 389 7776
106 381 6966
107 389 6901
108 399 7539
109 392 6995
110 375 7609
111 391 7293
112 381 7856
113 387 7877
114 376 7312
115 374 7127
116 393 7394
117 390 7601
118 384 7427
119 402 7890
120 379 7110
121 379 6688
122 384 7609
123 385 7726
124 392 8132
125 388 7569
126 398 7461
127 405 8196
128 383 7295
129 388 7451
130 384 6819
131 392 7360
132 373 7554
133 381 7382
134 363 7319
135 397 7339
136 402 7355
137 402 7407
138 377 7182
139 391 7752
140 390 6491
141 398 7586
142 368 6653
143 389 7690
144 384 7728
145 383 6879
146 382 7051
147 403 8077
148 394 7688
149 389 6577
150 380 6950
151 390 7713
152 392 7208
153 379 6910
154 389 7343
155 397 7610
156 392 6755
157 383 6635
158 385 6814
159 386 6653
160 373 7899
161 379 7589
162 387 7740
163 373 6733
164 382 7535
165 379 7170
166 396 8128
167 386 7366
168 382 7902
169 395 7606
170 391 7865
171 371 7187
172 381 7615
173 390 7447
174 390 7187
175 389 7933
176 378 7583
177 390 7443
178 394 6628
179 388 7172
180 383 6704
181 392 7156
182 387 7006
183 366 7581
184 395 7646
185 389 6811
186 394 7365
187 396 7416
188 382 7443
189 385 7031
190 380 6958
191 379 7377
192 399 6773
193 371 6664
194 390 7728
195 386 6895
196 372 6559
197 386 7154
198 391 7878
199 386 7513
200 378 7953
201 405 6842
202 381 6795
203 373 6825
204 383 8010
205 376 6912
206 360 6739
207 375 7819
208 365 7195
209 380 7533
210 396 7055
211 393 7055
212 401 7801
213 388 7071
214 378 7311
215 394 7415
216 387 7710
217 388 7983
218 382 8381
219 387 6879
220 378 6824
221 380 7560
222 378 8021
223 386 7018
224 391 7620
225 388 6710
226 388 7365
227 375 7013
228 385 6564
229 388 7178
230 393 7610
231 355 6131
232 397 7370
233 375 6675
234 377 6366
235 398 7938
236 369 6706
237 397 7445
238 405 8448
239 381 7032
240 377 7286
241 374 7217
242 364 7666
243 375 7717
244 365 7441
245 387 7898
246 367 7069
247 386 7809
248 389 7395
249 380 7530
250 378 6405
251 389 7604
252 375 7583
253 386 7317
254 379 7391
255 391 7161
256 367 6545
257 382 6911
258 408 7574
259 368 7371
260 392 7903
261 393 8593
262 399 7172
263 400 7894
264 384 7503
265 407 7902
266 391 7716
267 402 7779
268 397 7666
269 396 7733
270 404 7880
271 397 7544
272 385 8153
273 402 7616
274 392 8587
275 380 8003
276 403 7872
277 404 7657
278 392 7600
279 394 7653
280 401 7276
281 385 8370
282 388 7769
283 401 7618
284 382 8823
285 402 8125
286 393 8386
287 399 7358
288 384 7779
289 393 7512
290 379 7570
291 403 8188
292 400 8324
293 389 7412
294 401 7990
295 391 7475
296 405 8082
297 392 7442
298 404 7108
299 392 8438
300 394 8191
301 388 7752
302 391 8599
303 377 7495
304 383 7147
305 396 7271
306 405 8316
307 386 8277
308 398 7941
309 394 7604
310 393 8125
311 393 7584
312 391 8261
313 412 8300
314 380 7810
315 402 7679
316 402 7860
317 397 7773
318 398 8086
319 398 8144
320 406 8004
321 402 7609
322 398 7591
323 401 7848
324 402 8063
325 390 7428
326 394 7937
327 399 7997
328 398 7046
329 374 7604
330 399 7823
331 371 7867
332 393 7334
333 378 7587
334 373 7813
335 393 8023
336 391 8525
337 392 7434
338 375 7516
339 390 7633
340 402 7674
341 387 8205
342 399 7165
343 384 6790
344 394 7394
345 396 7315
346 388 7593
347 396 8107
348 401 8154
349 394 7680
350 390 7489
351 400 7621
352 381 7375
353 396 7848
354 405 8109
355 380 7488
356 400 8019
357 403 7537
358 392 7709
359 405 8337
360 388 7339
361 405 7630
362 379 8848
363 400 8052
364 392 7590
365 405 7979
366 366 8481
367 381 8159
368 395 7348
369 387 8039
370 399 7597
371 400 6977
372 389 7336
373 396 7618
374 387 7638
375 385 7639
376 396 7679
377 392 8788
378 402 7300
379 385 7336
380 392 7167
381 380 7573
382 411 7679
383 361 6604
384 400 7132
385 378 8205
386 415 7841
387 411 8136
388 406 7823
389 397 7647
390 391 8053
391 405 7394
392 395 7746
393 407 7382
394 392 7732
395 390 7045
396 387 7939
397 403 7763
398 398 8195
399 398 8168
400 408 8335
401 404 7717
402 402 8677
403 411 7409
404 406 7461
405 383 7593
406 392 7943
407 401 7727
408 392 7537
409 396 7665
410 391 8056
411 390 7831
412 386 7460
413 405 7960
414 391 7559
415 391 7232
416 382 7251
417 402 7922
418 398 7601
419 404 8475
420 389 7441
421 389 7419
422 399 8355
423 400 7912
424 393 7208
425 389 8055
426 403 7674
427 397 7286
428 394 8180
429 403 8341
430 389 7450
431 400 8842
432 381 7194
433 398 8119
434 406 7346
435 385 8615
436 396 8135
437 378 7359
438 414 7873
439 397 8190
440 397 8183
441 402 7891
442 398 8227
443 393 8853
444 403 7923
445 407 8134
446 411 7991
447 401 7231
448 401 8077
449 396 7813
450 394 7935
451 394 8266
452 386 7764
453 401 7495
454 390 7797
455 390 7908
456 389 7387
457 400 7698
458 395 7721
459 408 8213
460 388 7621
461 398 8547
462 407 6979
463 396 8225
464 382 7326
465 402 8670
466 383 7378
467 414 8099
468 382 7904
469 405 7684
470 383 7677
471 401 7901
472 393 7433
473 388 8023
474 391 6956
475 391 7108
476 393 6836
477 407 7565
478 409 7551
479 399 7664
480 400 7294
481 396 7566
482 386 7823
483 380 6761
484 384 7466
485 401 8059
486 392 7708
487 392 8005
488 382 7671
489 399 7545
490 396 7107
491 408 7393
492 397 8414
493 411 7413
494 390 6796
495 399 7899
496 401 7567
497 403 7510
498 396 7300
499 405 7772
500 411 7406
501 408 7176
502 415 6262
503 386 8170
504 408 7240
505 396 7789
506 416 7647
507 419 7137
508 382 8068
509 402 7436
510 411 7314
511 401 7420
512 404 7498
513 401 7278
514 405 7372
515 404 7225
516 402 7362
517 400 7758
518 398 7207
519 391 7710
520 397 7548
521 391 7692
522 403 6790
523 387 7252
524 386 6542
525 389 7610
526 395 7066
527 383 7638
528 402 7245
529 394 7740
530 398 7095
531 409 8323
532 388 7220
533 388 7900
534 403 7488
535 380 7732
536 391 7789
537 396 7712
538 375 7765
539 394 7883
540 381 7969
541 390 7786
542 389 7692
543 401 8477
544 391 7498
545 404 7669
546 404 7523
547 400 8003
548 375 7495
549 397 6811
550 392 7585
551 391 7976
552 411 8202
553 404 7787
554 405 7427
555 399 6857
556 398 7258
557 415 7347
558 389 7400
559 425 7399
560 386 7485
561 412 7157
562 396 7348
563 395 6922
564 387 7556
565 402 7619
566 405 7783
567 410 7682
568 401 7852
569 397 7315
570 392 7552
571 403 7352
572 392 7541
573 409 8276
574 404 7798
575 416 7341
576 392 6545
577 401 7162
578 380 7602
579 407 7880
580 401 8131
581 400 7168
582 393 7963
583 408 7383
584 396 7759
585 392 8489
586 411 8081
587 391 7390
588 389 7219
589 393 7246
590 396 7421
591 394 7767
592 408 7243
593 391 7527
594 388 7574
595 408 7756
596 386 6847
597 403 7596
598 379 8197
599 389 7354
600 379 7193
601 390 7692
602 369 7117
603 364 7910
604 386 7000
605 387 7026
606 378 7298
607 370 7306
608 378 7185
609 380 6741
610 370 6772
611 383 7223
612 375 8092
613 392 6948
614 390 7649
615 388 7092
616 374 7185
617 387 7422
618 385 7610
619 370 7365
620 373 6998
621 379 7336
622 393 6995
623 382 7432
624 392 7214
625 375 7413
626 397 6700
627 375 7574
628 390 6693
629 382 7134
630 374 6836
631 373 7572
632 391 7334
633 381 7340
634 381 6344
635 394 7527
636 387 6721
637 373 6791
638 384 7393
639 394 7883
640 362 6883
641 373 7137
642 383 7658
643 378 7135
644 383 7433
645 385 7493
646 394 7405
647 383 6497
648 384 6769
649 391 7217
650 380 6738
651 361 6961
652 383 7328
653 376 7208
654 382 6653
655 394 6840
656 390 6809
657 389 7288
658 393 7215
659 374 7337
660 373 6664
661 401 6672
662 371 6402
663 375 6700
664 393 7307
665 389 6834
666 379 6349
667 377 6944
668 382 6979
669 373 7938
670 375 6491
671 398 7248
672 382 6977
673 382 8038
674 386 6588
675 366 7597
676 388 6910
677 378 7401
678 377 7456
679 375 6652
680 382 6842
681 393 7390
682 386 6767
683 386 7200
684 399 7543
685 394 6798
686 385 6984
687 389 7060
688 386 7039
689 373 6909
690 357 6872
691 375 7348
692 386 6962
693 372 7691
694 370 7760
695 385 7285
696 372 6519
697 395 7298
698 389 6415
699 396 6811
700 379 6538
701 384 7153
702 383 7696
703 377 6921
704 391 7654
705 388 7319
706 380 8188
707 372 7447
708 389 7231
709 379 7261
710 377 6447
711 371 7064
712 366 6186
713 394 7442
714 368 6912
715 393 6468
716 385 7285
717 381 6973
718 393 7345
719 383 7482
720 359 6834
721 391 7430
722 392 7357
723 385 7268
724 368 7123
725 385 6564
726 360 6804
727 387 7947
728 376 6763
729 356 7738
730 375 6761
731 365 6786
732 379 6763
733 383 7973
734 364 7104
735 371 7380
736 377 7076
737 384 7214
738 379 7215
739 380 7691
740 386 6236
741 387 6418
742 376 6548
743 396 6755
744 369 7256
745 388 6986
746 387 7103
747 390 7459
748 374 7176
749 389 6392
750 379 7731
751 384 7065
752 394 7273
753 394 7234
754 396 7239
755 379 6408
756 385 7649
757 376 6663
758 387 6921
759 382 7232
760 384 6688
761 369 7141
762 375 6430
763 367 6954
764 379 7509
765 380 7584
766 376 7684
767 374 6743
768 406 7953
769 380 7056
770 372 7520
771 390 7324
772 370 7587
773 378 6937
774 385 7563
775 392 7275
776 386 7653
777 369 7421
778 377 7373
779 382 7198
780 393 7332
781 392 7312
782 366 8001
783 375 7056
784 390 7054
785 361 6919
786 387 6866
787 367 6979
788 381 7158
789 378 7319
790 380 7320
791 376 7556
792 380 7333
793 378 7430
794 391 6852
795 351 6635
796 378 7416
797 376 6554
798 384 6942
799 377 7030
800 390 7382
801 383 7432
802 396 7497
803 372 7060
804 377 6556
805 386 7297
806 368 6835
807 380 7052
808 376 6998
809 385 7755
810 379 7353
811 385 7992
812 396 7168
813 391 7186
814 365 6804
815 380 6320
816 396 6930
817 380 8028
818 370 7080
819 374 6719
820 381 7300
821 383 8066
822 377 6878
823 395 7525
824 380 7338
825 372 7401
826 393 7349
827 390 8146
828 379 7359
829 400 7623
830 382 6938
831 392 7394
832 378 6894
833 389 7353
834 373 7068
835 375 6928
836 360 6612
837 393 7643
838 372 7021
839 377 6603
840 371 6255
841 383 7106
842 386 7114
843 388 7429
844 371 7314
845 398 7477
846 399 7448
847 393 7248
848 385 7694
849 382 6911
850 381 7302
851 382 6450
852 378 7152
853 394 7568
854 382 7122
855 376 7401
856 382 7290
857 392 8365
858 402 7435
859 373 6759
860 382 7843
861 373 7196
862 364 7935
863 379 7966
864 369 6925
865 388 7143
866 376 7746
867 388 6559
868 386 7498
869 380 6666
870 372 7566
871 385 6673
872 374 7067
873 378 7382
874 388 6965
875 384 7434
876 392 7740
877 385 7304
878 367 6401
879 397 7897
880 378 7316
881 386 7155
882 394 7506
883 379 7555
884 382 7084
885 366 7689
886 373 7060
887 378 7045
888 382 7249
889 387 7279
890 371 6635
891 381 7787
892 375 7157
893 380 6741
894 368 7487
895 382 6983
896 393 7634
897 392 7596
898 378 6276
899 368 6429
900 366 7125
901 373 7506
902 385 7521
903 367 6711
904 380 6899
905 385 7208
906 379 6765
907 361 6681
908 376 7417
909 377 7299
910 368 6885
911 364 7592
912 376 7067
913 388 6223
914 382 6994
915 379 6232
916 383 7553
917 372 7561
918 382 7252
919 384 7308
920 357 7612
921 379 6794
922 370 7246
923 389 7326
924 373 7270
925 400 7561
926 375 6975
927 383 7414
928 379 7281
929 372 6795
930 368 6897
931 396 7688
932 374 7243
933 379 6982
934 376 7631
935 377 7760
936 380 7342
937 366 6882
938 397 7559
939 377 6485
940 400 8065
941 393 7373
942 388 7386
943 371 6974
944 389 8087
945 389 7050
946 388 7533
947 390 7016
948 398 7222
949 400 7401
950 398 7393
951 385 7162
952 378 7277
953 394 7306
954 369 7248
955 398 7555
956 376 7228
957 401 7139
958 404 7413
959 387 7581
960 392 8081
961 385 7018
962 377 7593
963 396 7559
964 396 7712
965 381 6915
966 401 7932
967 391 7141
968 383 7339
969 393 7474
970 378 7191
971 395 7374
972 376 7295
973 391 7659
974 389 7768
975 393 7457
976 379 7641
977 382 7136
978 381 7865
979 394 6888
980 390 7317
981 396 7147
982 381 7360
983 387 7352
984 389 7689
985 382 7505
986 397 7201
987 393 7344
988 384 7365
989 390 7448
990 402 7459
991 394 7459
992 392 7813
993 389 7846
994 393 7694
995 395 6963
996 401 7412
997 394 7165
998 378 7957
999 415 6882
1000 378 6771
1 364 9367
2 396 7858
3 376 7824
4 383 6906
5 378 8005
6 392 7787
7 385 7246
8 395 8324
9 381 7551
10 398 8142
11 372 7139
12 403 8018
13 397 7809
14 394 7719
15 403 8434
16 389 7471
17 387 7421
18 382 7132
19 381 7460
20 374 7193
21 386 7683
22 388 7317
23 363 7451
24 388 7758
25 391 7767
26 378 7402
27 397 7995
28 399 7584
29 383 7852
30 385 7106
31 391 7534
32 396 8406
33 369 8088
34 394 7119
35 397 8061
36 390 6997
37 403 8204
38 388 7878
39 382 7516
40 381 7661
41 391 8270
42 381 7450
43 382 7925
44 375 7202
45 376 8012
46 383 7349
47 385 8177
48 403 7703
49 378 7582
50 378 7765
51 396 8299
52 369 7757
53 381 7898
54 387 7802
55 390 7440
56 377 7212
57 397 7470
58 383 7512
59 380 7728
60 374 8004
61 388 7380
62 386 6833
63 388 8033
64 407 7393
65 401 8259
66 398 7570
67 388 7349
68 382 8332
69 396 8124
70 391 7386
71 382 8448
72 397 7840
73 386 8136
74 395 7556
75 390 7442
76 386 7398
77 396 7850
78 386 7868
79 385 7711
80 396 8378
81 376 7945
82 393 6903
83 368 7805
84 394 8296
85 387 7251
86 379 6826
87 384 7337
88 397 7993
89 373 7960
90 386 7429
91 374 7518
92 392 7903
93 381 7894
94 394 7561
95 383 7361
96 382 7207
97 382 8068
98 385 7722
99 387 8429
100 383 7628
101 384 7858
102 401 6921
103 385 7929
104 411 7146
105 381 7680
106 386 7833
107 386 8261
108 382 7673
109 383 7840
110 392 7824
111 377 7658
112 396 7051
113 372 6747
114 363 7479
115 390 7719
116 364 6879
117 396 8512
118 375 6863
119 376 7073
120 398 7387
121 390 6872
122 363 7631
123 380 7462
124 393 8755
125 388 7501
126 384 7716
127 392 7348
128 388 7388
129 388 7183
130 376 7604
131 386 7220
132 401 8028
133 393 8319
134 383 7326
135 382 7742
136 389 7786
137 387 7664
138 385 7414
139 399 7712
140 382 7404
141 376 7763
142 393 8004
143 395 7528
144 388 8020
145 389 7657
146 371 7847
147 382 8262
148 374 7593
149 385 7691
150 384 7091
151 386 7128
152 391 8015
153 376 7316
154 395 8281
155 382 7026
156 393 8028
157 393 7536
158 389 8129
159 382 7617
160 390 7155
161 400 8097
162 387 7733
163 401 8208
164 385 7862
165 390 7903
166 387 7800
167 391 8133
168 380 7504
169 405 7950
170 380 7389
171 390 7695
172 403 7343
173 399 7144
174 388 6589
175 404 7144
176 394 7291
177 394 7976
178 388 7191
179 366 7744
180 394 7878
181 399 8114
182 387 7338
183 385 7679
184 389 8213
185 381 8366
186 395 8327
187 390 7469
188 384 7085
189 392 7363
190 391 7171
191 376 7699
192 373 7388
193 391 7771
194 390 7230
195 379 8111
196 400 7683
197 376 7280
198 388 7170
199 390 7138
200 371 7699
201 381 7292
202 384 7730
203 394 6615
204 384 8052
205 387 7398
206 370 8233
207 370 7260
208 391 7430
209 388 6866
210 397 7840
211 396 8473
212 395 6972
213 377 6956
214 403 8039
215 383 7160
216 391 7470
217 383 6930
218 372 7218
219 385 7808
220 385 7989
221 402 7711
222 372 7814
223 378 7679
224 396 7306
225 380 6771
226 379 8240
227 398 7184
228 401 7822
229 392 7210
230 385 7778
231 376 7962
232 386 7585
233 385 7728
234 370 7954
235 400 7786
236 371 7413
237 383 7770
238 392 8062
239 378 7977
240 380 7501
241 393 7956
242 392 8261
243 397 7212
244 379 7562
245 386 7460
246 400 7529
247 375 6956
248 390 6943
249 390 7692
250 363 7696
251 393 7639
252 387 8016
253 384 8110
254 390 8016
255 379 7662
256 400 7256
257 383 8327
258 395 7301
259 397 7157
260 372 7412
261 376 7132
262 392 7907
263 399 7823
264 400 7026
265 403 7322
266 392 7795
267 393 6738
268 411 7338
269 382 7409
270 396 6494
271 394 7630
272 407 8278
273 399 8351
274 375 7550
275 386 7406
276 394 7519
277 410 8011
278 402 7720
279 405 7673
280 394 7676
281 366 7593
282 407 7894
283 404 8094
284 402 8386
285 383 7359
286 382 7848
287 394 8112
288 409 7881
289 397 8710
290 401 7854
291 383 8729
292 400 8298
293 388 7825
294 378 7612
295 392 7615
296 382 7994
297 381 8044
298 390 7858
299 405 8090
300 386 7441
301 412 7668
302 383 8380
303 401 8702
304 392 8096
305 408 8055
306 395 8295
307 402 8326
308 397 7452
309 384 8520
310 410 7173
311 375 8123
312 396 7374
313 387 7027
314 402 8200
315 394 7339
316 406 8245
317 402 7824
318 415 7692
319 394 7852
320 404 7914
321 405 8176
322 386 6529
323 404 8241
324 393 7488
325 386 7490
326 414 7716
327 385 8023
328 394 7575
329 408 8471
330 407 7551
331 402 7540
332 397 7519
333 396 7805
334 407 7394
335 393 7848
336 404 7032
337 400 7172
338 395 7238
339 399 7298
340 398 7238
341 406 7282
342 396 8050
343 400 7730
344 384 7741
345 409 8120
346 371 7298
347 393 7278
348 383 7858
349 376 8021
350 392 7572
351 395 8910
352 395 7511
353 408 8411
354 398 7970
355 397 7830
356 392 8198
357 396 8141
358 383 8232
359 406 8145
360 405 7039
361 401 8295
362 390 6944
363 409 8067
364 394 8269
365 403 7782
366 413 8474
367 391 8113
368 397 7851
369 406 8675
370 378 6825
371 402 8611
372 383 7622
373 408 7983
374 389 7825
375 413 8390
376 388 7900
377 394 8309
378 395 6787
379 376 8076
380 381 8120
381 397 7103
382 404 7642
383 409 8260
384 372 7576
385 390 8361
386 384 7112
387 380 7694
388 400 7594
389 396 7578
390 388 7030
391 389 7776
392 411 8100
393 396 7805
394 412 7819
395 399 8107
396 394 7572
397 385 7991
398 387 7645
399 396 7730
400 390 7741
401 397 7728
402 400 8463
403 384 8237
404 398 7780
405 397 7669
406 406 7520
407 392 8375
408 403 8615
409 390 8379
410 384 8212
411 389 8310
412 388 7115
413 385 8071
414 393 8143
415 389 7720
416 397 7425
417 397 7937
418 391 7500
419 371 7486
420 393 8109
421 386 7347
422 394 7886
423 390 7578
424 405 8119
425 409 7343
426 406 7328
427 404 7501
428 372 7264
429 406 8370
430 370 7735
431 404 7252
432 405 7848
433 397 7576
434 402 7426
435 381 7571
436 392 7201
437 398 7117
438 413 8757
439 393 8002
440 392 7809
441 399 7879
442 400 7308
443 399 7386
444 403 7386
445 386 7987
446 401 7180
447 396 7175
448 389 7585
449 405 7005
450 391 8063
451 402 6825
452 389 7231
453 401 7552
454 405 7801
455 384 7374
456 395 7939
457 396 7704
458 385 7856
459 405 7648
460 382 7694
461 414 7116
462 397 7494
463 386 7701
464 384 7872
465 392 7955
466 387 7933
467 395 7398
468 404 8075
469 404 7760
470 398 7899
471 408 8106
472 401 7943
473 381 7249
474 389 6880
475 406 7294
476 390 7646
477 399 7492
478 380 7334
479 408 7592
480 409 7377
481 397 7391
482 414 7943
483 379 6754
484 409 7570
485 383 6645
486 399 7904
487 400 7558
488 393 6432
489 392 7724
490 380 7312
491 409 7475
492 396 8016
493 392 7207
494 401 7304
495 392 7555
496 398 7066
497 392 7907
498 393 7239
499 403 8387
500 399 8076
501 391 7447
502 390 8763
503 398 7678
504 366 6938
505 394 7431
506 399 7634
507 403 7713
508 386 7119
509 400 7520
510 405 7377
511 405 7338
512 398 8039
513 382 6764
514 386 8261
515 401 7420
516 382 7855
517 414 7802
518 387 7840
519 405 7906
520 387 7138
521 401 7591
522 399 7331
523 382 7510
524 395 7986
525 400 8192
526 393 7224
527 408 7798
528 367 7281
529 406 7919
530 404 7238
531 396 8044
532 381 7769
533 409 7700
534 389 7161
535 405 7797
536 380 7264
537 409 7751
538 396 7522
539 402 7736
540 397 8127
541 393 7135
542 398 7097
543 396 7497
544 397 7732
545 397 7324
546 370 8001
547 403 7849
548 380 7650
549 398 7767
550 411 7297
551 406 7582
552 387 7502
553 401 7404
554 404 8008
555 394 7456
556 410 6987
557 410 7631
558 380 7933
559 408 7981
560 393 8036
561 389 7259
562 389 7153
563 402 7993
564 403 6831
565 405 7607
566 386 6448
567 404 7564
568 404 7608
569 374 7565
570 387 7875
571 411 7773
572 383 7659
573 387 7144
574 397 7933
575 384 7950
576 388 8323
577 398 8012
578 390 7719
579 392 8123
580 407 7818
581 375 6939
582 381 8113
583 399 7598
584 388 7761
585 396 6617
586 374 6992
587 395 7239
588 391 7808
589 405 7774
590 380 6776
591 403 7712
592 402 7878
593 401 7395
594 389 7606
595 386 6655
596 389 7426
597 391 7699
598 401 7302
599 391 7288
600 404 6652
601 383 6623
602 397 8224
603 397 6920
604 408 7666
605 394 6472
606 396 7830
607 404 7458
608 385 7762
609 402 6903
610 413 7999
611 405 6946
612 389 7210
613 407 6891
614 399 7380
615 400 7949
616 381 7312
617 398 6771
618 408 7545
619 390 7192
620 391 7521
621 398 6785
622 391 7696
623 400 7727
624 382 7395
625 394 6601
626 398 8269
627 402 7211
628 377 7058
629 399 7433
630 391 7559
631 391 7590
632 399 6825
633 387 6473
634 388 7567
635 404 7579
636 387 7466
637 397 7029
638 403 7848
639 402 7601
640 393 6817
641 415 6414
642 389 7078
643 397 6608
644 388 6987
645 402 7234
646 382 6496
647 406 7600
648 382 6823
649 390 7376
650 393 7519
651 398 6314
652 388 7410
653 390 7386
654 401 8210
655 405 6808
656 408 7292
657 402 7053
658 404 7227
659 409 7814
660 395 6980
661 401 7327
662 390 7914
663 389 7253
664 404 6890
665 392 6903
666 406 7921
667 400 7643
668 386 7101
669 395 7334
670 391 6832
671 386 7682
672 400 7931
673 379 6887
674 370 7212
675 397 7670
676 391 8006
677 389 7962
678 381 7787
679 387 7861
680 369 7352
681 395 7494
682 374 7236
683 387 7466
684 372 7504
685 397 7788
686 388 8287
687 387 7332
688 396 7627
689 396 7861
690 394 7316
691 394 7283
692 378 7509
693 386 8071
694 385 7735
695 392 7868
696 381 7482
697 401 6945
698 408 7709
699 393 6787
700 382 7185
701 396 6941
702 399 7053
703 405 7432
704 406 7520
705 411 8380
706 401 7194
707 404 7478
708 392 7987
709 390 7688
710 389 7400
711 401 8254
712 394 6976
713 388 7912
714 382 7352
715 375 7841
716 389 7340
717 407 7497
718 385 7375
719 409 8133
720 384 6933
721 411 8675
722 379 6889
723 392 7179
724 399 7083
725 399 7475
726 409 7268
727 396 7179
728 398 6896
729 392 7083
730 404 7357
731 383 6812
732 410 7859
733 410 7915
734 404 6369
735 396 6715
736 394 7581
737 380 6945
738 394 6723
739 389 7363
740 403 7430
741 406 8046
742 402 7411
743 408 7865
744 399 6888
745 403 7416
746 404 7343
747 393 7461
748 402 7103
749 390 7077
750 384 7484
751 408 7859
752 379 6932
753 396 6916
754 394 6837
755 401 7012
756 406 7221
757 406 7357
758 391 7097
759 392 7102
760 385 7002
761 383 7755
762 388 7721
763 387 7451
764 400 7012
765 382 7174
766 392 7571
767 387 7821
768 392 7798
769 388 7322
770 393 7282
771 386 7348
772 387 7721
773 406 7810
774 377 7123
775 391 8106
776 398 7262
777 392 7511
778 390 7231
779 411 7095
780 400 7888
781 400 8318
782 401 7676
783 401 7715
784 405 7121
785 407 7368
786 413 6902
787 406 7154
788 411 6976
789 408 7149
790 411 7206
791 410 7390
792 417 7737
793 397 6995
794 392 6583
795 369 7013
796 405 6317
797 416 7833
798 413 7440
799 379 7064
800 400 7146
801 403 6688
802 386 7120
803 400 7690
804 386 6753
805 407 7806
806 408 7017
807 404 7294
808 405 7152
809 403 7822
810 375 7004
811 416 7316
812 390 7171
813 408 7664
814 404 6912
815 405 7849
816 404 6800
817 385 7309
818 413 7671
819 411 7463
820 378 7417
821 395 7295
822 384 7559
823 398 8121
824 388 7168
825 376 7863
826 387 7017
827 406 7555
828 384 6917
829 407 7585
830 407 7808
831 379 7743
832 398 8214
833 388 7550
834 401 7505
835 388 7919
836 403 7840
837 380 7410
838 396 7665
839 380 7473
840 387 7314
841 405 7785
842 396 7397
843 373 7545
844 394 7216
845 406 7772
846 385 7549
847 370 7465
848 396 6895
849 385 7135
850 404 7037
851 411 7446
852 386 7049
853 390 7323
854 396 7578
855 384 7503
856 403 7707
857 401 7513
858 411 7340
859 395 7497
860 401 7327
861 393 7314
862 400 7670
863 405 7490
864 419 7517
865 405 7144
866 412 7699
867 407 7309
868 407 6896
869 383 7684
870 417 7275
871 389 7615
872 413 7060
873 371 7249
874 404 7747
875 392 7907
876 386 7195
877 401 7256
878 402 6855
879 393 7642
880 399 7418
881 402 7839
882 388 7391
883 408 7023
884 404 6698
885 378 7267
886 391 7238
887 388 7717
888 397 7014
889 414 7181
890 405 7735
891 396 7364
892 392 7597
893 396 7672
894 410 6637
895 402 6530
896 403 7434
897 406 7495
898 398 7024
899 392 7576
900 393 7567
901 399 8281
902 412 8157
903 392 7539
904 396 6820
905 373 6912
906 389 7783
907 406 7665
908 385 7822
909 382 7473
910 399 7257
911 389 7423
912 394 7686
913 381 8230
914 396 7825
915 387 7343
916 379 7824
917 397 7211
918 383 7572
919 389 8254
920 403 7729
921 400 8439
922 394 7723
923 404 7660
924 412 6825
925 421 7729
926 397 7088
927 407 8087
928 397 7644
929 413 7654
930 419 7660
931 408 7325
932 405 6856
933 407 7854
934 413 7615
935 427 7928
936 414 7641
937 402 7881
938 403 8033
939 413 8011
940 416 8026
941 405 8054
942 396 7630
943 420 8376
944 416 8291
945 416 7989
946 417 7576
947 414 7927
948 403 7761
949 405 7832
950 416 8271
951 411 8200
952 413 7283
953 409 7472
954 396 7614
955 404 7475
956 383 7570
957 391 7234
958 409 8039
959 426 8146
960 413 7059
961 399 7615
962 413 7616
963 401 7448
964 419 7844
965 402 6987
966 394 7983
967 382 7680
968 408 7704
969 386 7649
970 424 7542
971 390 8039
972 401 8117
973 396 7824
974 404 7754
975 379 8229
976 402 8294
977 402 7605
978 408 8205
979 398 7617
980 387 7816
981 409 8061
982 381 6982
983 415 7488
984 414 7752
985 402 8125
986 404 7736
987 375 7794
988 400 6953
989 396 8190
990 397 7798
991 401 8048
992 392 7471
993 405 8357
994 406 7834
995 402 8140
996 400 7869
997 416 7972
998 391 7486
999 451 7132
1000 395 7804
1 375 8621
2 399 7814
3 387 7870
4 400 8281
5 384 7626
6 414 7572
7 390 7872
8 406 7978
9 396 7904
10 406 7571
11 383 7931
12 403 7886
13 395 7853
14 391 8355
15 409 7772
16 407 8286
17 395 7573
18 401 7746
19 411 8424
20 380 7632
21 414 7963
22 367 8136
23 403 7404
24 387 7785
25 409 7610
26 370 8383
27 396 7009
28 394 8298
29 398 8581
30 394 7913
31 377 7429
32 411 8072
33 407 8019
34 392 7119
35 388 8302
36 408 7250
37 407 7574
38 397 8133
39 405 8251
40 395 8875
41 397 7560
42 410 8012
43 423 7490
44 397 7689
45 389 7440
46 393 7649
47 407 7612
48 388 8129
49 410 7666
50 391 7622
51 399 8097
52 397 7846
53 403 7568
54 406 7649
55 405 8532
56 399 8302
57 407 7774
58 393 7865
59 406 7852
60 420 8134
61 401 7821
62 415 7695
63 379 7885
64 408 7900
65 413 8023
66 394 7631
67 391 7328
68 391 7141
69 384 7391
70 393 7505
71 394 8116
72 397 8351
73 404 7640
74 407 8160
75 410 7850
76 401 7415
77 396 7539
78 386 7588
79 392 7884
80 404 8480
81 374 8089
82 379 7905
83 389 7992
84 390 8147
85 403 7758
86 417 7689
87 397 8043
88 407 8003
89 407 7971
90 392 8255
91 397 7862
92 396 7472
93 381 7245
94 398 7555
95 414 7786
96 378 7969
97 400 7734
98 399 7426
99 402 7044
100 396 8242
101 385 7232
102 409 7938
103 399 7897
104 405 7800
105 405 7473
106 406 8057
107 383 7010
108 403 8352
109 384 7856
110 406 8047
111 386 7953
112 397 8240
113 393 7131
114 391 7978
115 393 7786
116 397 7633
117 382 7195
118 403 7621
119 391 8358
120 396 7666
121 387 7646
122 401 7929
123 379 7996
124 389 7974
125 400 8012
126 400 7346
127 408 7539
128 398 7891
129 402 7476
130 407 8033
131 409 8625
132 380 7794
133 389 7803
134 392 7748
135 389 7438
136 401 8568
137 383 7610
138 389 8873
139 390 8430
140 388 7941
141 377 8388
142 409 8813
143 378 7535
144 386 7975
145 410 8276
146 390 7904
147 407 8933
148 409 8344
149 403 8530
150 394 7505
151 387 8629
152 393 8249
153 396 8470
154 390 8438
155 396 7833
156 402 7969
157 396 7592
158 389 7840
159 409 8004
160 379 7412
161 400 8227
162 389 8304
163 404 8184
164 403 8054
165 410 8297
166 411 7762
167 400 7491
168 400 7373
169 411 7899
170 397 7459
171 398 7962
172 400 7759
173 391 7689
174 397 7562
175 392 7724
176 397 7107
177 417 8505
178 399 7404
179 398 8175
180 390 7633
181 412 7979
182 396 8266
183 406 7564
184 387 7997
185 400 7557
186 392 8189
187 403 8131
188 383 6945
189 409 8143
190 387 7582
191 392 7546
192 381 7924
193 400 7390
194 399 8191
195 415 8620
196 403 8758
197 394 7388
198 398 8268
199 399 8002
200 399 7480
201 394 8135
202 389 7999
203 393 7465
204 385 7421
205 398 7389
206 394 7672
207 392 7880
208 401 7506
209 407 7509
210 388 7549
211 409 8446
212 401 7615
213 386 7912
214 414 8178
215 376 8111
216 405 7232
217 400 7365
218 390 7122
219 383 7929
220 413 8607
221 387 7660
222 415 8130
223 393 7433
224 404 7468
225 410 8627
226 396 7470
227 401 8389
228 403 8123
229 396 7942
230 387 7899
231 396 8261
232 396 8412
233 405 7637
234 381 8438
235 397 8088
236 372 7662
237 400 8584
238 374 8041
239 403 7797
240 377 8121
241 403 7754
242 399 8100
243 386 7739
244 407 8469
245 388 7234
246 386 8128
247 388 8131
248 397 7891
249 390 7779
250 398 7593
251 392 7984
252 405 8295
253 390 7727
254 393 7039
255 371 7158
256 395 8041
257 365 7159
258 386 7842
259 384 7888
260 392 7718
261 376 7514
262 394 7037
263 385 7827
264 376 7435
265 381 7461
266 392 8066
267 384 7534
268 377 6649
269 361 8034
270 382 7625
271 386 7424
272 368 7769
273 388 6996
274 383 7356
275 384 7298
276 378 7287
277 384 7609
278 365 7298
279 374 8054
280 379 7319
281 378 7166
282 386 7784
283 386 7633
284 375 7821
285 391 6733
286 364 7947
287 378 7326
288 380 8557
289 396 7848
290 375 7299
291 383 7812
292 370 7701
293 376 7769
294 375 7558
295 383 8023
296 395 7193
297 373 7366
298 375 7083
299 384 8363
300 369 6792
301 377 7867
302 370 7286
303 388 7844
304 382 7201
305 382 7363
306 370 7203
307 375 7544
308 382 7208
309 379 7513
310 378 7085
311 382 7125
312 383 7639
313 375 7522
314 385 7985
315 365 7285
316 380 7684
317 365 7449
318 400 7526
319 354 7235
320 381 6629
321 378 7249
322 393 7832
323 387 7371
324 396 8061
325 384 7684
326 374 7643
327 377 7207
328 394 8299
329 380 7885
330 370 6999
331 381 7432
332 373 8000
333 389 8270
334 371 6775
335 386 7122
336 374 7306
337 382 7052
338 359 7816
339 394 7916
340 387 7903
341 388 7208
342 390 7747
343 372 7328
344 373 6848
345 362 6905
346 395 7675
347 361 6660
348 389 7539
349 387 7669
350 376 7590
351 369 6194
352 393 7347
353 365 7183
354 385 7126
355 368 7132
356 367 7422
357 374 6929
358 382 7736
359 381 7439
360 401 7530
361 377 7557
362 371 7604
363 392 7703
364 385 7445
365 392 6992
366 378 7513
367 397 7761
368 375 8228
369 380 7515
370 376 6924
371 375 8484
372 369 7074
373 388 7437
374 374 6411
375 392 7703
376 373 7731
377 379 7700
378 382 7009
379 373 8043
380 385 7695
381 391 7491
382 350 8229
383 382 6623
384 381 7436
385 360 6988
386 387 7288
387 365 6761
388 387 8075
389 388 7398
390 376 7729
391 393 7567
392 386 6817
393 382 7485
394 394 7913
395 394 7750
396 366 6723
397 378 7296
398 391 7440
399 376 6854
400 367 7130
401 374 8029
402 387 7105
403 370 7815
404 369 6846
405 375 6957
406 390 7703
407 386 7297
408 359 7459
409 386 7810
410 372 6869
411 379 7568
412 393 6824
413 384 6544
414 399 7122
415 410 7555
416 391 7821
417 381 6954
418 387 6421
419 396 7089
420 378 7133
421 405 7211
422 402 6954
423 396 6250
424 406 7142
425 398 6618
426 386 7422
427 385 7116
428 385 6740
429 389 7456
430 390 7082
431 361 7002
432 393 7205
433 367 7721
434 385 6738
435 388 7370
436 383 6473
437 393 6768
438 389 7100
439 389 6973
440 397 7483
441 395 7698
442 389 8187
443 377 7658
444 390 7502
445 390 7110
446 391 6639
447 400 7645
448 393 7256
449 367 7075
450 392 6935
451 396 7118
452 378 6867
453 388 6780
454 390 6385
455 392 7083
456 393 7562
457 380 7434
458 389 6966
459 385 7016
460 413 6782
461 393 6634
462 388 7056
463 382 6852
464 396 7377
465 399 7678
466 396 7193
467 390 6877
468 388 6411
469 400 6983
470 402 7435
471 395 6838
472 396 6871
473 406 7532
474 393 6434
475 402 6589
476 397 6439
477 393 7017
478 396 6618
479 389 6827
480 400 6919
481 402 7183
482 384 6126
483 415 7245
484 375 7000
485 387 7209
486 402 7157
487 376 6362
488 395 7127
489 387 6942
490 401 7410
491 399 6646
492 402 6929
493 388 6551
494 397 7309
495 395 7308
496 408 6576
497 397 6975
498 409 6552
499 393 7229
500 399 7454
501 392 6590
502 399 6449
503 396 7171
504 408 6470
505 382 7125
506 391 7316
507 392 6648
508 397 6287
509 389 6829
510 396 6649
511 405 6897
512 384 8036
513 395 7251
514 387 7075
515 395 7457
516 393 8016
517 381 7547
518 359 7261
519 379 7480
520 384 7445
521 383 6742
522 358 6534
523 376 6645
524 386 7204
525 396 7219
526 373 6911
527 376 7081
528 393 7541
529 380 7030
530 388 7344
531 384 7456
532 371 6904
533 380 7009
534 392 7294
535 381 7540
536 388 7163
537 375 6938
538 383 6910
539 390 7762
540 390 7594
541 381 6747
542 408 7480
543 398 6962
544 381 7485
545 404 7283
546 395 7149
547 399 7406
548 401 7713
549 385 7598
550 394 7396
551 388 7324
552 392 7181
553 393 7361
554 384 7191
555 371 7114
556 368 7334
557 390 7545
558 374 6972
559 399 7458
560 387 6982
561 388 7325
562 383 7307
563 391 7158
564 391 6466
565 390 8054
566 388 7601
567 384 6002
568 402 7809
569 392 7407
570 393 7235
571 387 6813
572 401 6793
573 411 7728
574 397 7194
575 396 6507
576 409 7112
577 391 6737
578 393 7772
579 388 8008
580 388 6313
581 408 7497
582 396 7232
583 390 6562
584 388 6569
585 402 7133
586 395 7408
587 394 6831
588 391 7281
589 364 6976
590 392 7926
591 381 7361
592 378 7278
593 401 7796
594 382 6635
595 377 7274
596 390 7638
597 413 8197
598 407 7829
599 394 7647
600 408 8290
601 402 7268
602 408 7827
603 400 7638
604 417 7879
605 411 8461
606 405 8104
607 411 7735
608 390 7290
609 415 7758
610 405 7640
611 391 7221
612 425 8227
613 416 7471
614 399 7572
615 427 7774
616 414 7980
617 420 7743
618 425 7734
619 420 7827
620 414 7621
621 408 8067
622 420 8232
623 394 7806
624 395 7959
625 406 7737
626 405 7964
627 391 7715
628 380 7705
629 374 6989
630 421 7563
631 418 8002
632 410 7512
633 396 7664
634 392 7347
635 411 7756
636 408 7495
637 419 7730
638 401 7464
639 399 7515
640 405 7834
641 383 7904
642 417 7896
643 405 7820
644 405 7629
645 409 7468
646 399 7764
647 408 7682
648 405 8113
649 403 8145
650 411 7958
651 413 7150
652 402 8041
653 429 7762
654 426 7292
655 432 7628
656 408 7390
657 392 7482
658 416 8202
659 392 8668
660 387 7361
661 410 8960
662 380 8101
663 402 7973
664 394 7638
665 396 8335
666 384 6989
667 408 7613
668 404 7585
669 409 7441
670 405 8014
671 412 8429
672 413 6967
673 395 7953
674 399 7910
675 414 7901
676 373 7753
677 401 7186
678 397 7113
679 403 8236
680 407 7154
681 407 8210
682 409 8347
683 383 8206
684 399 8473
685 380 7725
686 401 7762
687 394 7456
688 414 8160
689 409 7713
690 410 8201
691 408 7907
692 405 7427
693 414 7494
694 423 7515
695 426 8233
696 408 7736
697 415 7527
698 410 7579
699 409 7494
700 411 7483
701 415 8058
702 406 8066
703 405 7473
704 401 7409
705 384 7381
706 399 7948
707 412 7688
708 402 7745
709 401 7606
710 386 7850
711 405 8274
712 403 7182
713 406 8092
714 390 7603
715 418 8199
716 387 7402
717 385 8330
718 396 8102
719 416 7400
720 412 7267
721 408 7964
722 410 7456
723 399 7525
724 391 7441
725 402 8138
726 414 7685
727 400 7872
728 401 7844
729 408 7877
730 416 8213
731 413 8106
732 383 8201
733 423 7898
734 385 7462
735 421 8891
736 404 7517
737 412 8559
738 406 7090
739 412 6902
740 397 8006
741 407 8341
742 395 6981
743 409 8013
744 417 8205
745 415 8242
746 405 8418
747 415 7936
748 399 7284
749 414 8769
750 388 7434
751 410 7819
752 405 7539
753 409 7452
754 390 7890
755 412 6888
756 398 7216
757 412 8224
758 424 8179
759 403 7808
760 397 8105
761 414 8248
762 405 8422
763 392 7995
764 392 7855
765 411 8017
766 406 7236
767 406 7803
768 406 7983
769 394 7760
770 400 7411
771 401 7843
772 386 8223
773 392 8444
774 395 8028
775 420 8567
776 412 7521
777 406 7266
778 409 8365
779 393 7461
780 406 7075
781 396 7424
782 404 7107
783 415 6782
784 400 7400
785 419 7344
786 412 7810
787 416 7740
788 404 7558
789 404 7986
790 420 8749
791 402 8283
792 389 7754
793 415 7843
794 407 7893
795 406 7328
796 379 7646
797 413 7497
798 413 7931
799 405 7589
800 404 7298
801 388 7687
802 410 8126
803 408 7736
804 406 7282
805 396 7666
806 409 8307
807 402 7408
808 386 7568
809 415 8288
810 410 7522
811 396 7484
812 390 7697
813 419 8282
814 393 7630
815 394 7522
816 389 7508
817 397 8171
818 390 8030
819 404 7845
820 382 7671
821 404 7811
822 403 8138
823 408 7780
824 402 7817
825 403 8040
826 396 8332
827 403 8141
828 403 8796
829 414 7629
830 396 7927
831 398 7556
832 410 8203
833 400 7363
834 385 7141
835 399 7252
836 411 7324
837 407 8196
838 415 8011
839 405 7707
840 416 7848
841 404 7349
842 395 7810
843 391 8155
844 405 7592
845 395 8327
846 394 7874
847 402 7734
848 398 7796
849 405 7463
850 397 7990
851 401 7998
852 416 7605
853 395 7858
854 396 8173
855 410 7626
856 394 8104
857 417 7433
858 404 7384
859 415 7526
860 400 7377
861 400 7893
862 412 8054
863 407 8401
864 382 7749
865 383 7642
866 398 7385
867 390 7927
868 411 7874
869 407 7819
870 406 7654
871 409 7406
872 382 7551
873 424 7381
874 369 6998
875 414 8350
876 398 7229
877 408 8078
878 405 8137
879 396 7700
880 410 7343
881 415 6937
882 418 8007
883 409 7071
884 398 7569
885 408 7755
886 426 7608
887 417 7339
888 409 7405
889 407 7590
890 412 7293
891 442 7215
892 419 6607
893 421 8016
894 426 7623
895 426 7806
896 406 6982
897 424 7410
898 400 7951
899 414 7038
900 400 7661
901 399 7281
902 402 7261
903 415 6871
904 424 7676
905 417 8236
906 395 7017
907 403 7015
908 410 7428
909 405 6958
910 425 7487
911 401 7038
912 429 7250
913 413 7771
914 421 7937
915 413 7266
916 420 7288
917 416 7123
918 420 7063
919 417 7498
920 420 7599
921 425 7535
922 426 7634
923 433 7557
924 415 7064
925 413 7538
926 418 7793
927 417 7788
928 396 7994
929 403 7538
930 410 7073
931 399 7450
932 389 7952
933 382 7735
934 397 7093
935 405 8477
936 405 8470
937 397 8129
938 402 7554
939 402 7770
940 386 7350
941 399 7152
942 402 7258
943 388 7375
944 376 6857
945 394 7514
946 382 6991
947 406 7392
948 402 7825
949 401 7176
950 404 7771
951 378 7082
952 394 7093
953 389 7807
954 386 6822
955 373 6695
956 394 6775
957 391 7383
958 388 7363
959 412 7681
960 414 7369
961 388 7658
962 394 7085
963 381 7479
964 405 7329
965 360 6927
966 398 7418
967 408 7800
968 387 6882
969 400 7495
970 391 7089
971 402 7627
972 398 7686
973 394 7462
974 387 7382
975 381 7559
976 388 7270
977 401 7170
978 393 7369
979 387 7615
980 392 7093
981 401 6893
982 390 7030
983 402 7743
984 393 7764
985 376 7459
986 390 7650
987 394 7721
988 393 6992
989 395 7324
990 384 7535
991 375 7590
992 392 6747
993 374 8087
994 395 6723
995 385 7926
996 397 7170
997 407 6918
998 382 7274
999 426 6731
1000 388 8011
1 362 8203
2 413 7373
3 381 8331
4 407 7400
5 379 7180
6 400 7361
7 401 7469
8 395 8082
9 396 7733
10 398 7998
11 403 7802
12 407 7873
13 396 7599
14 419 8112
15 403 7550
16 411 7570
17 417 7611
18 395 7610
19 399 6735
20 414 7823
21 407 6915
22 418 7138
23 399 7365
24 389 7686
25 407 7426
26 382 8171
27 405 7251
28 419 7800
29 410 7691
30 410 7644
31 409 7586
32 383 7366
33 394 7917
34 409 7525
35 401 7660
36 409 7660
37 405 7107
38 399 7459
39 396 8203
40 405 7656
41 407 7529
42 398 7291
43 413 7410
44 424 7619
45 418 7713
46 407 7545
47 402 8192
48 414 8125
49 390 7492
50 403 8687
51 414 7950
52 391 7408
53 418 8239
54 412 7825
55 408 7071
56 420 8020
57 422 7512
58 399 7415
59 418 6612
60 409 7509
61 427 7723
62 404 6657
63 395 7711
64 415 8020
65 397 7617
66 393 6968
67 397 7954
68 396 7398
69 402 7594
70 403 7410
71 400 7543
72 386 7528
73 400 7399
74 402 8048
75 397 7608
76 393 7725
77 391 8269
78 390 7372
79 400 8378
80 396 8084
81 405 7436
82 391 7649
83 409 8118
84 408 7736
85 404 7353
86 398 7759
87 403 7889
88 389 7309
89 418 7311
90 403 6978
91 406 7759
92 397 7154
93 410 7670
94 401 7506
95 410 7163
96 413 7736
97 399 7816
98 420 7527
99 387 7826
100 401 7114
101 407 7814
102 395 7760
103 408 7690
104 403 8401
105 403 8323
106 386 7830
107 398 7356
108 400 7741
109 411 7928
110 391 7188
111 416 7567
112 391 6956
113 414 7933
114 408 7438
115 413 8018
116 410 7592
117 413 7190
118 405 8215
119 392 7130
120 410 8046
121 399 7699
122 418 7583
123 419 7503
124 389 7237
125 414 7452
126 418 7836
127 415 7508
128 416 7269
129 424 6760
130 418 7560
131 426 7378
132 413 7031
133 413 7499
134 421 7156
135 407 6925
136 420 7862
137 409 7675
138 418 7698
139 420 7518
140 419 6861
141 416 6739
142 416 7802
143 410 7718
144 407 7789
145 422 7601
146 419 7198
147 401 7306
148 396 7151
149 415 7081
150 403 6989
151 420 7689
152 393 7130
153 407 7823
154 396 6763
155 411 6915
156 407 7107
157 416 7329
158 419 7370
159 404 7760
160 410 7325
161 407 7647
162 430 7054
163 399 7213
164 408 7553
165 422 7208
166 422 7260
167 417 8041
168 418 7686
169 418 7910
170 424 6579
171 417 7405
172 403 7296
173 419 7740
174 421 7262
175 419 7421
176 423 6771
177 419 7441
178 415 7874
179 420 7380
180 422 7512
181 417 7611
182 406 6755
183 427 6938
184 430 7202
185 430 7284
186 435 7834
187 417 6804
188 417 7727
189 433 7475
190 438 7398
191 429 7441
192 434 7521
193 424 7630
194 422 6791
195 428 7773
196 422 7324
197 423 7406
198 406 7243
199 424 7403
200 408 7539
201 417 7498
202 403 7510
203 411 7691
204 387 7983
205 403 7646
206 393 7783
207 407 7723
208 395 8651
209 407 7847
210 406 7594
211 401 7934
212 389 7858
213 395 7506
214 410 7843
215 403 7450
216 395 7401
217 405 7027
218 396 7166
219 405 7434
220 402 6947
221 402 6946
222 399 7617
223 416 7822
224 390 7141
225 428 7925
226 395 7429
227 411 7562
228 413 7716
229 418 7559
230 401 7454
231 413 7163
232 404 6994
233 433 7504
234 425 7542
235 421 7105
236 414 7264
237 431 7503
238 424 7411
239 427 7137
240 433 7476
241 421 6538
242 427 6982
243 416 7250
244 416 7406
245 409 7630
246 404 7320
247 399 7106
248 392 7630
249 402 7522
250 396 7341
251 401 8621
252 395 7805
253 409 7493
254 398 7616
255 408 7824
256 419 7658
257 399 7418
258 415 7832
259 394 7704
260 388 6943
261 413 7827
262 374 7165
263 413 7603
264 390 7826
265 383 7729
266 410 8123
267 387 7806
268 408 7203
269 393 8291
270 405 8334
271 405 7888
272 380 7527
273 400 7388
274 383 7681
275 413 8632
276 406 8747
277 380 8366
278 387 7608
279 393 8136
280 405 8072
281 394 7978
282 408 7924
283 389 8043
284 400 7329
285 405 8249
286 403 7363
287 412 8373
288 408 7524
289 401 7438
290 414 7791
291 401 7583
292 408 7835
293 391 7190
294 401 7545
295 407 7716
296 412 7909
297 409 7771
298 413 8142
299 406 7956
300 399 8236
301 377 8218
302 410 8829
303 400 7952
304 390 7515
305 392 7274
306 400 7701
307 399 7600
308 392 7669
309 394 7450
310 378 7611
311 412 7405
312 400 8070
313 392 7997
314 403 7599
315 400 7370
316 402 8481
317 391 7817
318 406 7778
319 392 7757
320 384 7298
321 408 8480
322 407 7417
323 402 7648
324 391 7165
325 409 7997
326 399 7814
327 412 7799
328 416 7914
329 398 7180
330 407 8004
331 395 8342
332 393 7848
333 395 7490
334 396 8202
335 409 8081
336 392 7099
337 398 8311
338 414 7887
339 401 7711
340 397 7895
341 416 7947
342 413 7601
343 381 7912
344 403 8200
345 414 8357
346 402 7958
347 406 7958
348 401 7212
349 397 7821
350 402 7627
351 406 8170
352 408 8384
353 385 7652
354 404 7677
355 394 8005
356 396 7352
357 386 8105
358 381 7731
359 391 7507
360 399 7287
361 412 7675
362 411 7205
363 402 8065
364 397 7743
365 411 7660
366 408 7292
367 384 7437
368 403 7841
369 394 7444
370 404 8178
371 400 7799
372 403 7785
373 379 8027
374 400 8140
375 400 7493
376 393 6973
377 410 7599
378 408 7395
379 420 7389
380 408 7779
381 408 7395
382 395 8498
383 404 7124
384 399 8124
385 404 8178
386 395 8178
387 391 7895
388 410 7904
389 386 7576
390 401 7995
391 392 7946
392 396 7566
393 399 7782
394 423 8064
395 395 7650
396 398 7662
397 400 7227
398 416 8207
399 404 7445
400 416 8483
401 400 7411
402 402 8260
403 392 7885
404 404 7821
405 410 8355
406 392 8296
407 421 8149
408 390 8279
409 393 7464
410 402 7874
411 407 7758
412 411 7565
413 403 7547
414 403 7886
415 403 7673
416 408 7648
417 416 7635
418 417 8307
419 416 7811
420 407 8235
421 423 7336
422 427 7366
423 410 7938
424 409 7767
425 403 8457
426 394 6512
427 403 7640
428 393 7197
429 392 7520
430 393 6970
431 403 7162
432 380 7326
433 415 8416
434 406 7386
435 402 7699
436 382 7656
437 391 7772
438 412 7582
439 406 8264
440 420 8335
441 425 8161
442 410 7427
443 407 7475
444 404 7386
445 422 7917
446 400 7286
447 410 7351
448 406 7329
449 406 7099
450 412 7640
451 412 7788
452 396 8029
453 411 7457
454 394 7778
455 403 7531
456 398 8652
457 406 8067
458 396 7971
459 404 7762
460 391 7660
461 410 8346
462 394 7790
463 406 7656
464 412 8023
465 408 7244
466 413 7638
467 417 7735
468 409 7642
469 416 7536
470 403 8066
471 415 8342
472 397 7133
473 420 7831
474 405 7304
475 422 7155
476 412 7642
477 408 7617
478 418 7610
479 418 8263
480 403 8100
481 404 7630
482 395 6897
483 389 7362
484 405 7819
485 415 8099
486 398 7906
487 399 7819
488 406 8397
489 396 6968
490 403 7427
491 406 7885
492 394 7832
493 403 7199
494 410 7758
495 408 7814
496 404 7741
497 411 6988
498 405 7663
499 389 7838
500 411 8156
501 399 8234
502 406 8382
503 400 7218
504 400 7818
505 419 8377
506 403 7371
507 396 8238
508 399 7767
509 383 7465
510 402 7680
511 387 7739
512 412 7730
513 414 7860
514 410 7480
515 414 8250
516 408 7170
517 412 7564
518 399 8022
519 401 7618
520 416 8269
521 393 8211
522 406 8079
523 404 7580
524 410 8471
525 401 8449
526 405 6896
527 406 7613
528 397 7350
529 413 8345
530 398 7448
531 394 8165
532 382 7731
533 402 7211
534 405 7757
535 411 7550
536 409 6605
537 414 7637
538 382 7524
539 395 7346
540 387 7801
541 397 7436
542 380 6481
543 409 8010
544 382 7533
545 402 8100
546 408 7595
547 403 7376
548 386 7153
549 411 7731
550 389 7493
551 411 7290
552 412 8164
553 382 7049
554 381 7923
555 373 6996
556 392 7407
557 371 6771
558 397 8041
559 383 7307
560 374 6915
561 386 6568
562 388 6927
563 383 7163
564 376 7887
565 387 7076
566 381 6621
567 370 7160
568 401 7321
569 386 7336
570 388 6787
571 384 6914
572 403 7228
573 379 6811
574 380 6197
575 379 7035
576 392 7297
577 395 7788
578 383 7178
579 381 7814
580 387 6918
581 400 7020
582 388 6471
583 377 7516
584 396 7343
585 407 7242
586 394 7355
587 386 7474
588 391 6522
589 383 6890
590 392 7592
591 371 7015
592 394 7970
593 391 7530
594 375 7112
595 379 7189
596 376 7105
597 386 7247
598 391 7675
599 374 7148
600 391 7674
601 384 7361
602 402 6899
603 398 7058
604 389 6998
605 396 6947
606 398 6966
607 372 7621
608 385 7272
609 366 7504
610 392 6808
611 367 7540
612 378 7381
613 388 7522
614 387 6780
615 387 7482
616 388 7182
617 385 7749
618 389 7001
619 384 7428
620 389 6965
621 380 7649
622 379 7237
623 383 7028
624 381 7651
625 389 7134
626 395 7220
627 381 7500
628 387 7937
629 378 6959
630 370 7412
631 388 7770
632 376 7195
633 371 7780
634 398 7405
635 368 7092
636 386 7164
637 364 7543
638 381 7578
639 396 7648
640 380 6613
641 380 7608
642 391 7512
643 378 7482
644 391 7651
645 374 7528
646 381 6998
647 380 7681
648 387 7910
649 388 7511
650 376 7375
651 388 7405
652 381 6952
653 360 7287
654 385 7346
655 378 7517
656 389 7134
657 384 6823
658 380 7192
659 390 7362
660 381 6645
661 382 6995
662 397 7199
663 399 7322
664 386 6814
665 377 6298
666 385 6749
667 388 7554
668 390 7031
669 400 6918
670 383 7418
671 388 6892
672 378 7489
673 388 7237
674 398 7096
675 381 6674
676 395 6989
677 378 7035
678 403 6954
679 367 6704
680 404 7009
681 390 6196
682 398 6670
683 388 7493
684 390 7440
685 386 7176
686 398 6568
687 388 7907
688 387 7181
689 368 7002
690 404 8072
691 395 7360
692 391 7178
693 380 6953
694 388 7598
695 379 7097
696 391 7107
697 367 6551
698 402 7389
699 376 7652
700 384 7489
701 394 7255
702 382 6928
703 392 6820
704 389 7159
705 384 7067
706 392 6753
707 395 7248
708 392 6988
709 383 7452
710 381 6048
711 375 6799
712 371 6598
713 381 6051
714 384 6598
715 374 6810
716 385 6346
717 394 7209
718 393 7494
719 377 7337
720 404 7697
721 378 6759
722 383 7145
723 393 6676
724 375 6894
725 392 7258
726 368 6995
727 374 7144
728 389 6616
729 392 7197
730 386 7887
731 376 6944
732 381 6590
733 374 7178
734 372 6947
735 395 7394
736 392 6884
737 388 7990
738 393 7226
739 393 7817
740 387 7484
741 394 7323
742 389 7620
743 380 7117
744 385 6962
745 370 8079
746 393 7746
747 388 6793
748 390 7067
749 372 7083
750 391 7218
751 382 6852
752 378 6967
753 363 7472
754 389 7801
755 382 7223
756 370 6955
757 383 7115
758 372 6757
759 383 6713
760 376 7554
761 397 7284
762 390 7317
763 385 7553
764 377 7267
765 378 8015
766 374 6642
767 402 6995
768 385 7254
769 403 7109
770 385 7453
771 392 7052
772 392 7329
773 369 6934
774 367 7341
775 385 6286
776 362 7086
777 376 5980
778 392 6936
779 381 7499
780 383 6892
781 380 7188
782 405 7228
783 393 7652
784 387 6783
785 386 7078
786 387 6790
787 392 6817
788 389 7302
789 371 6927
790 386 7230
791 376 6251
792 386 7696
793 373 7249
794 396 6817
795 388 6906
796 384 6913
797 375 6689
798 395 6881
799 384 6729
800 385 6830
801 395 7262
802 379 6479
803 384 7375
804 388 7285
805 389 6858
806 385 6959
807 366 7150
808 387 7555
809 382 7014
810 411 7291
811 393 7043
812 405 7242
813 388 6975
814 392 7021
815 376 7344
816 394 6684
817 404 7335
818 390 7292
819 398 7101
820 395 7043
821 388 6280
822 398 6372
823 376 6809
824 405 7234
825 369 6587
826 388 7165
827 386 6827
828 374 7148
829 370 6769
830 379 6948
831 381 6925
832 374 7025
833 388 7405
834 390 6694
835 383 7106
836 388 7136
837 390 7030
838 376 7013
839 375 6802
840 392 7536
841 395 7271
842 397 7099
843 392 7439
844 385 6821
845 390 6923
846 376 6871
847 384 7196
848 384 7087
849 376 7396
850 402 7964
851 389 7190
852 387 7550
853 379 7791
854 399 7830
855 396 7648
856 394 7585
857 388 8141
858 399 7385
859 405 7600
860 394 7216
861 390 7483
862 410 8033
863 385 7564
864 389 7817
865 384 7702
866 391 7417
867 379 7075
868 397 7170
869 402 7393
870 396 7253
871 387 7573
872 388 7529
873 391 7544
874 397 7704
875 396 7315
876 401 7388
877 386 7177
878 399 7244
879 405 7039
880 394 7570
881 391 8094
882 395 8065
883 387 6991
884 374 7602
885 402 7781
886 379 7923
887 398 7238
888 391 7620
889 390 7620
890 399 8162
891 396 7607
892 387 6709
893 390 7457
894 390 7159
895 392 7826
896 385 7768
897 379 8393
898 392 6982
899 391 7685
900 384 7190
901 408 7429
902 394 7163
903 410 7320
904 413 7707
905 410 7797
906 393 6856
907 400 6856
908 371 7697
909 400 7919
910 387 7740
911 387 7677
912 385 7622
913 383 7202
914 393 7379
915 388 7467
916 397 7711
917 390 7709
918 390 7470
919 390 6822
920 401 7523
921 383 6800
922 396 6876
923 399 8013
924 389 8153
925 387 7538
926 369 7166
927 395 7605
928 388 7201
929 402 7294
930 380 7875
931 384 7787
932 394 7854
933 392 8072
934 379 7182
935 386 7048
936 376 7306
937 423 7295
938 377 7370
939 399 7100
940 391 7852
941 394 7607
942 400 8114
943 385 7404
944 372 7474
945 398 7718
946 389 7778
947 394 7928
948 398 7201
949 379 6537
950 400 7730
951 398 7366
952 397 7608
953 405 8267
954 401 7724
955 400 7381
956 404 7329
957 382 7653
958 403 7775
959 418 7852
960 387 7566
961 401 7507
962 399 6972
963 411 7877
964 409 7859
965 391 7108
966 405 7541
967 403 7530
968 395 7730
969 393 7906
970 401 7419
971 368 7903
972 398 7314
973 390 7961
974 398 7759
975 383 7646
976 400 7901
977 390 7334
978 375 7297
979 383 6867
980 394 7494
981 386 7999
982 392 6849
983 398 8139
984 383 6950
985 385 7906
986 372 7884
987 383 7428
988 397 7242
989 397 7584
990 389 7579
991 387 6981
992 394 7552
993 410 7586
994 377 8061
995 394 7444
996 391 7722
997 401 6651
998 396 7100
999 435 6471
1000 407 8243
