1 351 376
2 365 538
3 354 484
4 330 401
5 368 437
6 342 441
7 349 439
8 347 425
9 351 408
10 342 464
11 349 299
12 334 428
13 360 433
14 334 382
15 361 390
16 345 424
17 346 395
18 344 511
19 339 396
20 347 395
21 358 425
22 344 440
23 350 451
24 349 444
25 356 407
26 359 434
27 336 406
28 336 363
29 354 414
30 340 363
31 353 434
32 354 472
33 357 410
34 361 377
35 350 459
36 333 326
37 348 493
38 355 404
39 349 368
40 333 384
41 367 411
42 348 375
43 345 397
44 342 352
45 352 408
46 347 410
47 371 493
48 339 356
49 347 440
50 322 418
51 356 320
52 345 367
53 349 419
54 336 404
55 353 443
56 331 305
57 352 458
58 353 470
59 368 467
60 355 468
61 350 527
62 345 403
63 358 449
64 351 383
65 353 357
66 333 277
67 337 387
68 373 412
69 324 377
70 354 332
71 333 345
72 363 406
73 350 385
74 353 435
75 346 425
76 341 458
77 361 366
78 335 393
79 354 461
80 337 440
81 339 341
82 356 426
83 330 286
84 373 432
85 333 384
86 367 473
87 330 426
88 362 402
89 343 400
90 368 348
91 336 360
92 329 339
93 351 406
94 340 373
95 363 441
96 349 359
97 341 363
98 356 286
99 347 301
100 370 397
1 367 526
2 359 442
3 361 413
4 373 510
5 338 404
6 361 388
7 330 391
8 368 452
9 362 531
10 356 429
11 371 502
12 331 463
13 374 467
14 326 344
15 373 450
16 335 387
17 363 437
18 318 432
19 369 485
20 340 435
21 364 444
22 327 375
23 371 445
24 333 436
25 360 333
26 340 427
27 362 367
28 349 459
29 346 411
30 356 422
31 355 509
32 354 384
33 351 317
34 352 414
35 360 447
36 336 412
37 371 509
38 353 440
39 374 449
40 345 357
41 382 447
42 334 347
43 338 441
44 357 494
45 355 407
46 358 484
47 347 453
48 347 470
49 356 400
50 348 347
51 325 389
52 359 486
53 343 441
54 354 351
55 350 393
56 371 466
57 353 514
58 356 381
59 354 465
60 343 423
61 347 466
62 344 495
63 347 372
64 349 439
65 355 333
66 356 456
67 361 400
68 332 431
69 365 440
70 349 398
71 347 378
72 355 404
73 357 365
74 352 398
75 336 378
76 371 412
77 351 373
78 351 400
79 347 349
80 358 397
81 340 439
82 376 402
83 344 389
84 363 453
85 342 419
86 360 458
87 350 404
88 352 365
89 359 442
90 344 414
91 348 401
92 343 428
93 352 336
94 357 425
95 356 427
96 364 435
97 347 435
98 361 409
99 347 407
100 359 388
1 347 438
2 339 457
3 345 392
4 344 344
5 364 477
6 342 324
7 327 387
8 348 320
9 347 362
10 354 440
11 348 505
12 342 380
13 354 457
14 321 401
15 357 432
16 330 442
17 358 317
18 353 447
19 362 388
20 373 364
21 334 348
22 351 422
23 343 468
24 362 406
25 346 418
26 344 390
27 339 425
28 330 477
29 351 333
30 343 399
31 334 460
32 340 379
33 337 406
34 352 421
35 347 415
36 342 552
37 365 374
38 320 393
39 373 435
40 339 306
41 361 389
42 334 375
43 354 490
44 348 501
45 348 440
46 343 436
47 367 342
48 361 433
49 344 412
50 346 345
51 357 390
52 332 393
53 356 379
54 347 499
55 335 414
56 366 546
57 339 447
58 355 374
59 349 464
60 343 440
61 358 407
62 359 426
63 351 471
64 335 344
65 329 411
66 356 361
67 328 382
68 360 337
69 340 481
70 364 378
71 332 501
72 353 418
73 340 502
74 365 432
75 328 456
76 350 359
77 339 397
78 334 474
79 337 418
80 356 485
81 344 416
82 346 426
83 347 472
84 357 417
85 338 376
86 354 346
87 346 439
88 343 368
89 352 414
90 347 386
91 351 383
92 340 367
93 356 450
94 356 454
95 333 417
96 348 404
97 353 484
98 342 512
99 366 350
100 372 429
1 346 505
2 361 424
3 342 355
4 353 410
5 343 286
6 348 317
7 363 489
8 357 391
9 354 386
10 356 341
11 333 433
12 360 391
13 333 480
14 367 387
15 353 374
16 350 359
17 354 465
18 353 462
19 343 455
20 353 388
21 343 478
22 355 338
23 352 388
24 364 477
25 370 555
26 367 477
27 336 550
28 339 367
29 354 413
30 352 473
31 329 364
32 364 345
33 350 385
34 353 365
35 354 374
36 357 384
37 352 456
38 360 403
39 341 404
40 355 522
41 346 476
42 346 392
43 359 411
44 337 358
45 358 411
46 352 439
47 353 395
48 347 333
49 356 384
50 349 375
51 355 439
52 337 368
53 370 397
54 340 423
55 372 411
56 322 354
57 360 404
58 342 343
59 353 366
60 353 395
61 348 445
62 343 450
63 350 425
64 343 354
65 342 389
66 355 438
67 339 437
68 361 433
69 351 380
70 369 418
71 332 343
72 360 363
73 340 402
74 349 359
75 355 401
76 359 301
77 348 371
78 355 443
79 340 350
80 339 378
81 382 507
82 334 338
83 363 400
84 339 374
85 348 352
86 368 396
87 345 398
88 361 354
89 342 313
90 351 382
91 335 380
92 362 432
93 333 424
94 343 422
95 350 386
96 338 414
97 359 430
98 364 351
99 336 385
100 371 414
1 351 541
2 362 331
3 354 530
4 340 402
5 355 421
6 348 485
7 343 492
8 344 372
9 364 392
10 337 342
11 366 517
12 355 413
13 338 434
14 356 468
15 341 467
16 361 402
17 366 532
18 365 436
19 358 465
20 359 429
21 352 422
22 350 438
23 351 423
24 367 488
25 337 422
26 362 465
27 345 405
28 347 421
29 362 415
30 352 360
31 365 447
32 354 386
33 361 414
34 355 288
35 365 380
36 341 391
37 361 401
38 370 488
39 364 352
40 356 399
41 361 373
42 353 411
43 367 462
44 333 435
45 379 431
46 349 487
47 371 431
48 364 488
49 369 342
50 358 483
51 343 389
52 361 426
53 362 434
54 351 320
55 334 474
56 378 399
57 327 451
58 356 290
59 325 336
60 377 479
61 320 393
62 364 408
63 345 396
64 349 429
65 366 460
66 332 431
67 358 356
68 348 468
69 346 518
70 373 410
71 333 531
72 376 490
73 331 409
74 364 469
75 348 397
76 363 562
77 344 385
78 363 440
79 353 447
80 358 449
81 351 451
82 346 362
83 363 418
84 346 436
85 364 526
86 368 436
87 336 396
88 366 472
89 339 382
90 349 510
91 366 408
92 333 458
93 375 472
94 342 438
95 354 415
96 343 408
97 352 479
98 352 433
99 353 313
100 369 430
