1 344 39
2 355 10
3 336 38
4 369 11
5 355 9
6 327 33
7 352 5
8 347 35
9 354 12
10 355 11
11 350 37
12 352 9
13 336 32
14 345 8
15 348 8
16 344 38
17 334 5
18 351 36
19 340 10
20 355 16
21 352 33
22 343 9
23 338 36
24 351 12
25 351 39
26 358 11
27 346 14
28 349 33
29 340 9
30 343 5
31 339 35
32 340 6
33 358 8
34 334 5
35 344 28
36 336 9
37 350 35
38 339 7
39 338 30
40 357 9
41 357 11
42 347 33
43 351 8
44 347 39
45 347 14
46 349 7
47 345 37
48 356 9
49 353 28
50 356 12
51 342 32
52 353 10
53 349 31
54 353 9
55 344 32
56 325 5
57 352 6
58 347 30
59 341 10
60 366 11
61 353 25
62 344 8
63 349 35
64 343 10
65 348 9
66 338 25
67 340 16
68 354 9
69 340 25
70 363 15
71 355 33
72 358 9
73 356 8
74 339 25
75 348 8
76 351 26
77 333 9
78 341 24
79 355 8
80 350 25
81 353 9
82 336 24
83 348 11
84 337 28
85 342 5
86 348 22
87 339 6
88 334 20
89 350 7
90 335 6
91 364 25
92 338 7
93 334 22
94 336 5
95 337 6
96 341 27
97 366 9
98 321 6
99 341 21
100 342 5
1 336 38
2 351 8
3 344 39
4 337 6
5 343 9
6 359 37
7 354 9
8 362 36
9 338 8
10 351 35
11 362 11
12 348 35
13 334 6
14 358 35
15 339 9
16 368 36
17 342 13
18 352 12
19 356 36
20 342 14
21 356 10
22 354 33
23 355 12
24 353 10
25 340 31
26 375 17
27 355 39
28 360 11
29 360 10
30 366 36
31 338 9
32 344 8
33 350 31
34 354 10
35 346 32
36 340 8
37 373 35
38 325 5
39 347 25
40 342 8
41 343 35
42 346 8
43 353 33
44 341 6
45 347 7
46 337 6
47 353 28
48 340 10
49 361 33
50 358 9
51 344 28
52 351 10
53 343 8
54 354 31
55 341 10
56 356 32
57 353 11
58 346 34
59 359 11
60 351 32
61 341 9
62 357 33
63 353 11
64 366 38
65 352 11
66 357 34
67 356 11
68 342 8
69 355 20
70 353 11
71 347 17
72 350 8
73 334 7
74 382 13
75 352 9
76 351 8
77 348 7
78 332 6
79 367 13
80 356 12
81 357 12
82 351 9
83 334 7
84 349 8
85 352 8
86 339 9
87 348 9
88 353 11
89 362 14
90 333 9
91 357 9
92 348 11
93 361 14
94 373 13
95 340 14
96 362 11
97 360 12
98 362 13
99 343 8
100 347 7
1 329 6
2 322 38
3 330 8
4 335 11
5 341 43
6 334 5
7 325 6
8 336 35
9 336 6
10 331 6
11 331 34
12 330 10
13 335 39
14 333 8
15 339 43
16 350 17
17 344 42
18 335 10
19 339 39
20 332 7
21 332 10
22 329 33
23 324 4
24 342 36
25 323 6
26 356 48
27 330 7
28 338 32
29 331 5
30 338 29
31 311 5
32 354 33
33 313 6
34 339 6
35 321 34
36 344 8
37 332 30
38 338 14
39 326 29
40 331 5
41 333 40
42 340 7
43 323 32
44 336 6
45 329 5
46 320 27
47 339 4
48 324 30
49 335 6
50 338 7
51 336 31
52 327 5
53 331 31
54 335 5
55 329 34
56 341 5
57 323 4
58 336 33
59 317 4
60 333 27
61 327 5
62 338 39
63 332 9
64 333 27
65 333 6
66 335 29
67 317 4
68 347 10
69 339 29
70 340 13
71 339 38
72 338 9
73 335 35
74 331 5
75 329 22
76 328 9
77 336 31
78 328 6
79 332 38
80 342 11
81 347 9
82 335 8
83 334 25
84 340 7
85 317 29
86 353 7
87 320 8
88 340 34
89 326 6
90 324 22
91 333 5
92 335 8
93 341 31
94 342 11
95 331 8
96 330 26
97 332 6
98 340 5
99 323 25
100 327 4
1 328 35
2 343 11
3 323 38
4 349 11
5 336 39
6 339 9
7 338 41
8 341 7
9 327 8
10 327 35
11 338 7
12 326 5
13 334 34
14 334 8
15 351 7
16 342 39
17 341 11
18 347 9
19 332 41
20 332 8
21 342 40
22 334 8
23 335 37
24 341 5
25 341 39
26 341 8
27 340 38
28 342 12
29 336 39
30 335 5
31 319 35
32 346 7
33 321 35
34 333 6
35 332 38
36 332 7
37 339 35
38 324 6
39 343 11
40 336 34
41 328 7
42 338 33
43 322 5
44 339 35
45 320 7
46 351 35
47 332 10
48 334 35
49 340 5
50 319 5
51 348 33
52 331 5
53 335 8
54 335 31
55 334 9
56 327 6
57 334 30
58 332 5
59 329 8
60 343 34
61 340 13
62 341 34
63 348 12
64 330 34
65 338 9
66 340 9
67 343 36
68 329 6
69 333 33
70 334 9
71 330 7
72 330 31
73 335 5
74 325 34
75 337 6
76 323 6
77 344 32
78 335 10
79 350 30
80 327 9
81 339 33
82 341 9
83 335 6
84 317 30
85 339 7
86 345 35
87 336 9
88 340 33
89 331 7
90 341 27
91 327 5
92 343 9
93 335 8
94 339 31
95 331 5
96 346 8
97 331 31
98 342 6
99 337 31
100 337 7
1 322 44
2 346 46
3 337 6
4 346 46
5 327 52
6 352 48
7 318 4
8 349 50
9 352 8
10 333 43
11 352 8
12 347 46
13 317 6
14 349 5
15 337 42
16 326 7
17 360 45
18 314 4
19 356 8
20 341 44
21 344 9
22 333 49
23 344 43
24 337 6
25 333 4
26 344 7
27 339 42
28 328 45
29 361 6
30 318 4
31 351 47
32 334 8
33 351 38
34 319 4
35 342 44
36 347 41
37 346 8
38 360 41
39 352 47
40 342 36
41 332 41
42 342 6
43 355 35
44 319 40
45 365 34
46 335 5
47 354 43
48 344 9
49 340 39
50 347 6
51 335 39
52 352 10
53 332 37
54 359 8
55 332 40
56 347 10
57 358 9
58 345 44
59 338 7
60 353 8
61 357 48
62 339 10
63 344 44
64 336 5
65 345 38
66 325 43
67 346 38
68 334 5
69 343 6
70 347 37
71 336 7
72 347 38
73 340 10
74 362 42
75 329 6
76 353 42
77 310 38
78 361 9
79 336 8
80 348 7
81 340 43
82 341 11
83 350 43
84 336 6
85 350 36
86 331 5
87 350 6
88 326 36
89 346 5
90 346 42
91 339 5
92 346 41
93 341 6
94 351 42
95 333 30
96 354 5
97 337 40
98 353 7
99 323 31
100 353 40
