1 351 4554
2 355 4453
3 363 4315
4 362 4307
5 370 4255
6 368 4252
7 365 4279
8 355 4357
9 374 4153
10 357 4405
11 355 4405
12 355 4433
13 352 4345
14 375 4180
15 374 4179
16 367 4282
17 347 4549
18 368 4201
19 344 4557
20 359 4417
21 362 4343
22 341 4653
23 369 4171
24 368 4268
25 350 4554
26 362 4261
27 355 4412
28 357 4387
29 359 4375
30 360 4331
31 374 4072
32 369 4235
33 366 4320
34 351 4463
35 368 4237
36 360 4362
37 382 3955
38 351 4445
39 377 4104
40 361 4322
41 371 4175
42 351 4487
43 368 4264
44 352 4477
45 383 3968
46 348 4512
47 369 4151
48 355 4428
49 371 4154
50 369 4271
51 363 4282
52 356 4452
53 363 4280
54 350 4393
55 381 4003
56 344 4505
57 372 4167
58 356 4341
59 349 4515
60 359 4351
61 350 4544
62 351 4448
63 371 4247
64 368 4250
65 367 4243
66 361 4337
67 349 4536
68 365 4239
69 369 4155
70 371 4048
71 366 4229
72 352 4525
73 364 4311
74 355 4425
75 348 4475
76 363 4264
77 348 4531
78 375 4070
79 338 4632
80 376 4096
81 341 4648
82 374 4167
83 359 4304
84 341 4633
85 373 4126
86 358 4443
87 340 4696
88 354 4360
89 357 4375
90 387 3930
91 382 4050
92 337 4688
93 383 3933
94 358 4331
95 390 3928
96 341 4595
97 372 4112
98 370 4225
99 367 4226
100 403 3676
101 363 4340
102 378 4108
103 357 4368
104 385 4018
105 382 4007
106 368 4256
107 372 4137
108 356 4469
109 341 4639
110 350 4489
111 382 3972
112 356 4468
113 376 4103
114 336 4765
115 378 4074
116 349 4535
117 355 4378
118 373 4136
119 361 4263
120 361 4381
121 378 4074
122 373 4214
123 351 4465
124 372 4157
125 358 4367
126 377 4148
127 348 4551
128 383 4047
129 339 4614
130 372 4134
131 345 4537
132 364 4260
133 356 4392
134 378 4110
135 349 4462
136 367 4244
137 360 4373
138 342 4637
139 380 4027
140 368 4261
141 366 4301
142 363 4378
143 345 4629
144 355 4380
145 361 4440
146 363 4319
147 365 4328
148 353 4459
149 359 4304
150 361 4347
151 358 4374
152 378 4007
153 389 3892
154 341 4644
155 369 4205
156 372 4129
157 358 4380
158 371 4195
159 353 4510
160 377 4038
161 353 4380
162 387 3858
163 377 4077
164 366 4251
165 365 4274
166 368 4233
167 376 4049
168 376 4145
169 379 4024
170 378 4183
171 364 4258
172 370 4153
173 375 4025
174 366 4277
175 368 4161
176 345 4601
177 366 4244
178 358 4415
179 359 4328
180 364 4269
181 362 4260
182 362 4326
183 344 4512
184 361 4423
185 364 4250
186 385 3947
187 350 4475
188 364 4269
189 366 4280
190 356 4351
191 364 4285
192 355 4453
193 350 4442
194 351 4549
195 357 4358
196 358 4326
197 377 4137
198 355 4460
199 373 4123
200 362 4260
201 376 4109
202 350 4408
203 364 4289
204 368 4196
205 363 4276
206 359 4365
207 388 3925
208 362 4273
209 386 3929
210 381 4000
211 364 4247
212 371 4038
213 358 4286
214 371 4127
215 360 4308
216 379 4014
217 386 3948
218 353 4367
219 371 4157
220 362 4271
221 391 3826
222 358 4417
223 358 4341
224 342 4602
225 372 4142
226 333 4681
227 373 4101
228 359 4359
229 359 4348
230 367 4206
231 360 4418
232 368 4243
233 346 4567
234 364 4244
235 370 4229
236 360 4337
237 366 4260
238 348 4514
239 356 4372
240 337 4789
241 362 4274
242 335 4689
243 354 4414
244 362 4271
245 349 4528
246 367 4278
247 364 4276
248 363 4335
249 360 4404
250 354 4421
251 366 4272
252 351 4506
253 334 4660
254 353 4376
255 329 4699
256 375 4008
257 345 4524
258 353 4365
259 352 4391
260 340 4494
261 363 4174
262 363 4219
263 357 4350
264 353 4340
265 357 4295
266 350 4460
267 356 4270
268 363 4211
269 353 4262
270 341 4562
271 371 4091
272 360 4305
273 353 4338
274 335 4559
275 347 4364
276 360 4210
277 346 4502
278 355 4289
279 364 4170
280 370 4051
281 348 4457
282 365 4072
283 369 4119
284 364 4127
285 333 4593
286 353 4363
287 355 4250
288 354 4353
289 347 4336
290 356 4280
291 354 4321
292 344 4484
293 357 4234
294 358 4281
295 357 4354
296 347 4348
297 359 4281
298 358 4224
299 335 4675
300 363 4197
301 362 4206
302 363 4154
303 355 4276
304 369 4104
305 362 4272
306 352 4364
307 364 4218
308 352 4431
309 342 4537
310 364 4152
311 334 4635
312 368 4128
313 361 4299
314 363 4175
315 340 4531
316 352 4413
317 364 4129
318 354 4499
319 338 4556
320 362 4283
321 366 4175
322 362 4246
323 363 4197
324 350 4340
325 357 4281
326 360 4176
327 347 4422
328 339 4519
329 355 4335
330 363 4192
331 349 4408
332 348 4398
333 341 4476
334 355 4255
335 355 4323
336 363 4268
337 370 4108
338 349 4402
339 344 4584
340 366 4216
341 347 4527
342 353 4376
343 343 4503
344 359 4215
345 348 4410
346 352 4327
347 374 4048
348 349 4406
349 359 4232
350 338 4561
351 362 4183
352 340 4561
353 365 4185
354 349 4358
355 335 4544
356 361 4309
357 350 4371
358 339 4604
359 361 4143
360 342 4510
361 370 4102
362 326 4762
363 362 4147
364 331 4705
365 367 4061
366 355 4352
367 347 4507
368 365 4105
369 343 4445
370 355 4349
371 346 4423
372 359 4244
373 364 4137
374 340 4511
375 359 4287
376 363 4231
377 342 4480
378 361 4212
379 343 4432
380 375 4018
381 362 4270
382 361 4268
383 347 4456
384 348 4393
385 339 4550
386 356 4279
387 372 4100
388 361 4233
389 353 4308
390 358 4310
391 328 4735
392 363 4222
393 359 4282
394 340 4538
395 343 4449
396 368 4093
397 336 4633
398 359 4229
399 340 4563
400 347 4433
401 343 4494
402 360 4249
403 342 4510
404 368 4095
405 365 4180
406 345 4528
407 362 4281
408 359 4206
409 362 4175
410 348 4480
411 354 4335
412 350 4503
413 354 4307
414 341 4554
415 374 4063
416 328 4771
417 361 4184
418 340 4468
419 367 4079
420 358 4239
421 362 4147
422 373 4046
423 342 4550
424 377 4002
425 340 4551
426 355 4269
427 362 4168
428 367 4182
429 345 4429
430 362 4172
431 355 4306
432 349 4410
433 354 4325
434 347 4434
435 344 4440
436 339 4545
437 358 4171
438 332 4669
439 375 4034
440 354 4350
441 359 4305
442 360 4305
443 361 4173
444 371 4082
445 367 4053
446 358 4290
447 363 4142
448 355 4308
449 347 4388
450 333 4661
451 354 4261
452 358 4215
453 344 4472
454 348 4451
455 365 4196
456 352 4401
457 336 4588
458 365 4179
459 340 4484
460 347 4436
461 364 4226
462 351 4336
463 372 4060
464 339 4539
465 373 4028
466 357 4317
467 374 4012
468 333 4694
469 363 4179
470 349 4405
471 353 4262
472 354 4247
473 366 4162
474 360 4241
475 358 4181
476 344 4467
477 367 4147
478 356 4222
479 340 4580
480 370 4024
481 368 4174
482 352 4386
483 376 3956
484 348 4442
485 352 4359
486 358 4299
487 354 4367
488 365 4172
489 338 4526
490 377 3973
491 347 4500
492 363 4186
493 342 4522
494 372 3984
495 343 4520
496 361 4263
497 336 4589
498 369 4015
499 341 4516
500 362 4215
501 348 4368
502 357 4293
503 364 4126
504 356 4350
505 346 4195
506 332 4368
507 330 4429
508 341 4174
509 344 4162
510 352 4154
511 323 4501
512 363 3941
513 340 4274
514 354 4091
515 344 4211
516 351 4038
517 350 4117
518 345 4134
519 348 4024
520 345 4228
521 352 4126
522 347 4125
523 343 4234
524 346 4154
525 344 4123
526 340 4197
527 353 4047
528 353 4098
529 354 4050
530 345 4128
531 344 4178
532 330 4374
533 345 4149
534 354 4007
535 340 4197
536 336 4395
537 346 4155
538 348 4176
539 359 3990
540 359 4009
541 360 4017
542 354 3998
543 330 4356
544 367 3801
545 341 4233
546 355 4036
547 357 3945
548 355 4037
549 347 4159
550 316 4622
551 352 4118
552 328 4398
553 335 4255
554 354 4049
555 332 4348
556 344 4119
557 358 3996
558 348 4129
559 344 4181
560 360 3909
561 336 4361
562 349 4087
563 344 4203
564 344 4159
565 355 3994
566 331 4440
567 352 4084
568 336 4267
569 343 4167
570 335 4223
571 347 4142
572 326 4413
573 348 4077
574 344 4160
575 336 4347
576 336 4231
577 335 4254
578 357 3980
579 337 4193
580 344 4204
581 354 4006
582 359 3945
583 347 4151
584 342 4179
585 352 4100
586 334 4377
587 356 4025
588 336 4377
589 355 4023
590 340 4273
591 328 4403
592 342 4150
593 341 4220
594 351 4080
595 339 4226
596 354 4006
597 340 4290
598 333 4310
599 346 4097
600 346 4082
601 346 4125
602 338 4303
603 354 4070
604 355 3965
605 336 4254
606 337 4311
607 332 4360
608 354 4069
609 346 4159
610 331 4371
611 347 4067
612 336 4363
613 352 4103
614 345 4111
615 337 4260
616 347 4147
617 336 4260
618 357 3901
619 350 4125
620 360 3960
621 339 4326
622 347 4110
623 339 4161
624 346 4132
625 343 4168
626 338 4315
627 353 4048
628 337 4297
629 351 4081
630 349 4069
631 353 4067
632 335 4293
633 338 4307
634 349 4100
635 335 4284
636 333 4407
637 350 4053
638 348 4196
639 349 4084
640 347 4115
641 333 4472
642 341 4223
643 343 4174
644 350 4077
645 344 4159
646 357 4039
647 359 3971
648 347 4264
649 344 4172
650 344 4127
651 350 4093
652 353 4061
653 349 4135
654 334 4313
655 349 4095
656 341 4281
657 338 4240
658 345 4151
659 329 4443
660 369 3804
661 317 4643
662 372 3730
663 326 4501
664 354 4043
665 328 4422
666 343 4121
667 331 4321
668 341 4145
669 349 4125
670 344 4192
671 331 4301
672 347 4160
673 331 4341
674 354 3987
675 346 4167
676 332 4478
677 357 3962
678 333 4296
679 367 3869
680 351 4087
681 335 4355
682 361 3870
683 329 4384
684 356 3929
685 344 4270
686 340 4307
687 336 4230
688 363 3897
689 339 4178
690 346 4209
691 357 4043
692 357 4052
693 338 4245
694 356 4050
695 341 4244
696 350 4156
697 344 4116
698 349 4067
699 342 4386
700 359 3966
701 342 4190
702 354 3985
703 353 4102
704 346 4105
705 337 4294
706 332 4330
707 344 4109
708 332 4363
709 341 4263
710 346 4057
711 342 4096
712 330 4409
713 378 3640
714 335 4349
715 351 4114
716 327 4406
717 333 4388
718 345 4156
719 349 4063
720 339 4276
721 351 4009
722 325 4493
723 334 4332
724 344 4140
725 342 4166
726 334 4227
727 356 3978
728 324 4474
729 348 4115
730 345 4172
731 339 4178
732 344 4174
733 334 4337
734 356 4005
735 327 4470
736 353 3961
737 340 4288
738 350 3997
739 331 4277
740 349 4121
741 311 4773
742 352 3961
743 354 4034
744 336 4256
745 353 4060
746 340 4176
747 350 4111
748 336 4295
749 341 4203
750 347 4198
751 359 3989
752 323 4492
753 358 3955
754 341 4137
755 335 4302
756 367 3837
757 346 4140
758 328 4422
759 344 4129
760 324 4505
761 353 4068
762 313 4672
763 368 3758
764 332 4372
765 341 4235
766 361 3922
767 332 4412
768 351 4078
769 337 4584
770 355 4274
771 354 4385
772 355 4404
773 340 4617
774 362 4210
775 356 4325
776 363 4144
777 356 4367
778 368 4095
779 335 4607
780 372 4107
781 328 4844
782 354 4357
783 365 4159
784 349 4461
785 365 4210
786 358 4214
787 345 4417
788 367 4077
789 354 4396
790 376 3978
791 338 4624
792 366 4179
793 365 4128
794 327 4808
795 373 4067
796 344 4504
797 365 4204
798 347 4441
799 361 4288
800 356 4256
801 346 4492
802 352 4391
803 349 4408
804 361 4179
805 348 4460
806 365 4156
807 347 4471
808 363 4151
809 362 4262
810 350 4314
811 380 3927
812 341 4546
813 373 4123
814 361 4220
815 358 4344
816 351 4417
817 350 4443
818 353 4292
819 370 4116
820 367 4210
821 346 4519
822 350 4408
823 370 4193
824 341 4598
825 367 4129
826 358 4215
827 345 4580
828 361 4220
829 351 4415
830 362 4227
831 358 4190
832 359 4276
833 361 4236
834 358 4240
835 352 4405
836 363 4211
837 358 4265
838 347 4419
839 359 4290
840 362 4229
841 344 4446
842 360 4193
843 343 4577
844 363 4183
845 356 4383
846 363 4194
847 342 4504
848 370 4132
849 347 4451
850 356 4344
851 348 4488
852 375 4066
853 372 4123
854 352 4373
855 360 4350
856 345 4488
857 360 4242
858 358 4234
859 341 4599
860 366 4130
861 346 4394
862 373 4110
863 339 4600
864 375 4054
865 362 4368
866 359 4202
867 357 4239
868 370 4081
869 332 4724
870 367 4075
871 341 4591
872 373 4086
873 349 4469
874 365 4172
875 351 4349
876 362 4173
877 336 4624
878 357 4347
879 361 4246
880 349 4350
881 347 4384
882 358 4272
883 346 4567
884 382 3914
885 335 4657
886 385 3894
887 353 4305
888 360 4314
889 350 4355
890 361 4175
891 362 4290
892 349 4391
893 366 4136
894 361 4270
895 357 4206
896 360 4225
897 362 4314
898 354 4342
899 354 4290
900 366 4180
901 354 4269
902 366 4113
903 347 4525
904 364 4230
905 345 4468
906 374 4107
907 345 4483
908 360 4311
909 360 4312
910 359 4327
911 356 4392
912 357 4296
913 339 4508
914 377 4051
915 333 4672
916 352 4385
917 372 4055
918 340 4576
919 353 4363
920 349 4525
921 370 4106
922 339 4548
923 375 4021
924 332 4698
925 376 4089
926 383 3983
927 345 4528
928 372 4069
929 357 4358
930 367 4142
931 334 4685
932 357 4272
933 347 4429
934 354 4339
935 349 4350
936 366 4055
937 349 4424
938 372 4052
939 351 4294
940 344 4416
941 344 4550
942 363 4305
943 349 4370
944 365 4151
945 361 4185
946 346 4502
947 367 4113
948 363 4280
949 362 4198
950 356 4319
951 360 4125
952 347 4468
953 343 4551
954 362 4236
955 367 4032
956 338 4615
957 357 4277
958 364 4223
959 365 4183
960 337 4657
961 368 4125
962 361 4269
963 346 4431
964 365 4161
965 364 4111
966 358 4330
967 370 4091
968 346 4486
969 347 4429
970 363 4180
971 350 4389
972 367 4151
973 352 4312
974 366 4128
975 340 4553
976 363 4281
977 368 4176
978 338 4582
979 347 4483
980 344 4573
981 373 4139
982 343 4529
983 360 4150
984 342 4514
985 366 4130
986 355 4374
987 359 4265
988 360 4369
989 342 4499
990 352 4383
991 371 4108
992 369 4131
993 349 4331
994 340 4570
995 368 4130
996 336 4642
997 365 4203
998 349 4407
999 370 4016
1000 352 4440
1 370 4458
2 360 4607
3 356 4602
4 363 4543
5 350 4715
6 373 4371
7 350 4622
8 371 4328
9 353 4616
10 376 4327
11 347 4661
12 361 4505
13 357 4495
14 372 4360
15 369 4346
16 370 4300
17 366 4398
18 385 4203
19 362 4430
20 371 4302
21 368 4362
22 352 4636
23 375 4267
24 342 4746
25 388 4024
26 345 4676
27 382 4143
28 366 4302
29 349 4618
30 372 4280
31 363 4444
32 361 4459
33 377 4198
34 368 4418
35 350 4601
36 354 4622
37 371 4349
38 374 4336
39 358 4523
40 350 4550
41 367 4395
42 360 4435
43 361 4497
44 356 4530
45 361 4416
46 355 4561
47 360 4487
48 381 4110
49 359 4528
50 367 4419
51 379 4232
52 357 4570
53 383 4219
54 353 4586
55 370 4366
56 362 4485
57 366 4385
58 378 4261
59 352 4629
60 373 4321
61 366 4527
62 387 4135
63 361 4547
64 347 4679
65 385 4173
66 354 4581
67 362 4425
68 357 4461
69 367 4443
70 365 4462
71 355 4506
72 377 4291
73 366 4425
74 345 4700
75 373 4233
76 350 4655
77 372 4253
78 384 4147
79 353 4630
80 377 4225
81 344 4761
82 379 4307
83 345 4654
84 364 4484
85 344 4721
86 354 4540
87 376 4227
88 353 4590
89 388 4059
90 352 4626
91 373 4368
92 353 4533
93 362 4440
94 363 4411
95 361 4427
96 368 4357
97 357 4461
98 363 4421
99 360 4436
100 367 4320
101 361 4427
102 380 4259
103 380 4243
104 348 4611
105 362 4443
106 374 4293
107 347 4602
108 374 4357
109 372 4291
110 372 4338
111 352 4659
112 370 4357
113 345 4702
114 363 4419
115 355 4583
116 362 4386
117 369 4418
118 371 4326
119 372 4361
120 359 4571
121 350 4648
122 368 4295
123 339 4783
124 379 4264
125 351 4622
126 370 4287
127 374 4277
128 367 4407
129 353 4590
130 357 4560
131 364 4462
132 362 4450
133 379 4190
134 357 4469
135 361 4371
136 366 4372
137 368 4362
138 369 4354
139 360 4434
140 374 4271
141 358 4530
142 363 4548
143 368 4348
144 370 4239
145 351 4619
146 360 4524
147 361 4444
148 368 4287
149 358 4582
150 363 4320
151 344 4802
152 361 4434
153 358 4574
154 346 4760
155 377 4228
156 354 4681
157 378 4322
158 369 4379
159 335 4952
160 386 4200
161 363 4629
162 368 4423
163 367 4419
164 383 4265
165 374 4453
166 370 4439
167 369 4495
168 378 4349
169 373 4301
170 393 4111
171 377 4389
172 375 4353
173 386 4148
174 388 4240
175 377 4350
176 374 4330
177 370 4468
178 355 4622
179 371 4448
180 371 4485
181 378 4259
182 352 4696
183 388 4200
184 378 4305
185 373 4397
186 388 4224
187 384 4185
188 382 4255
189 366 4488
190 378 4349
191 347 4828
192 373 4406
193 362 4509
194 373 4402
195 390 4244
196 371 4419
197 355 4676
198 379 4259
199 357 4553
200 364 4557
201 368 4522
202 366 4435
203 349 4768
204 384 4275
205 356 4636
206 360 4513
207 358 4625
208 376 4397
209 352 4763
210 376 4267
211 376 4299
212 384 4232
213 350 4718
214 362 4481
215 376 4364
216 373 4442
217 363 4512
218 377 4301
219 371 4395
220 370 4396
221 365 4500
222 358 4624
223 359 4661
224 378 4272
225 350 4744
226 397 4021
227 375 4377
228 386 4204
229 390 4120
230 372 4403
231 371 4401
232 382 4257
233 380 4230
234 385 4223
235 362 4595
236 379 4272
237 372 4391
238 367 4473
239 378 4368
240 385 4220
241 352 4666
242 374 4355
243 352 4657
244 373 4393
245 379 4282
246 371 4399
247 387 4212
248 382 4317
249 378 4318
250 375 4413
251 377 4281
252 400 4043
253 383 4196
254 391 4065
255 375 4305
256 373 4379
257 368 4461
258 379 4262
259 390 4191
260 370 4418
261 371 4464
262 374 4335
263 389 4206
264 384 4222
265 353 4680
266 382 4213
267 357 4531
268 368 4473
269 367 4441
270 371 4356
271 384 4246
272 364 4567
273 355 4665
274 371 4347
275 366 4526
276 360 4550
277 399 4009
278 353 4675
279 365 4495
280 369 4384
281 366 4444
282 362 4469
283 366 4437
284 374 4383
285 367 4503
286 363 4578
287 377 4329
288 370 4390
289 377 4293
290 383 4292
291 350 4734
292 370 4482
293 363 4555
294 385 4247
295 357 4581
296 384 4191
297 346 4757
298 375 4254
299 382 4188
300 384 4242
301 370 4429
302 352 4718
303 378 4346
304 356 4593
305 377 4320
306 363 4574
307 367 4372
308 370 4459
309 357 4543
310 364 4445
311 373 4412
312 366 4561
313 387 4195
314 344 4882
315 384 4116
316 337 4833
317 396 4036
318 343 4840
319 371 4414
320 373 4353
321 350 4670
322 378 4311
323 367 4445
324 368 4427
325 382 4230
326 366 4518
327 371 4468
328 369 4396
329 351 4600
330 379 4315
331 399 3955
332 361 4570
333 368 4465
334 367 4504
335 382 4314
336 354 4690
337 376 4376
338 374 4334
339 377 4309
340 354 4590
341 382 4131
342 361 4537
343 386 4215
344 359 4562
345 376 4354
346 374 4374
347 371 4424
348 391 4130
349 370 4426
350 387 4162
351 375 4491
352 403 3983
353 387 4160
354 387 4156
355 390 4141
356 399 3980
357 395 4006
358 398 4012
359 384 4228
360 382 4299
361 368 4430
362 396 4015
363 363 4449
364 405 3892
365 375 4357
366 383 4203
367 388 4112
368 381 4281
369 403 3959
370 378 4276
371 369 4406
372 384 4226
373 380 4335
374 371 4456
375 376 4371
376 377 4388
377 366 4429
378 391 4123
379 358 4543
380 384 4227
381 354 4653
382 359 4590
383 375 4334
384 364 4545
385 388 4132
386 379 4252
387 368 4415
388 384 4286
389 381 4335
390 361 4562
391 376 4326
392 367 4488
393 367 4438
394 357 4623
395 381 4236
396 375 4279
397 370 4477
398 385 4145
399 355 4647
400 382 4209
401 350 4798
402 385 4083
403 369 4341
404 360 4490
405 371 4375
406 358 4585
407 361 4492
408 382 4196
409 373 4339
410 364 4530
411 380 4213
412 371 4403
413 360 4562
414 376 4308
415 359 4540
416 377 4300
417 358 4591
418 358 4639
419 385 4295
420 376 4355
421 379 4278
422 374 4369
423 366 4413
424 367 4427
425 383 4219
426 350 4705
427 364 4411
428 376 4295
429 372 4429
430 390 4075
431 339 4843
432 398 4010
433 346 4816
434 393 4115
435 378 4293
436 365 4430
437 375 4269
438 344 4731
439 365 4448
440 370 4434
441 365 4434
442 379 4183
443 366 4410
444 360 4524
445 371 4284
446 363 4477
447 377 4284
448 369 4311
449 375 4271
450 352 4668
451 396 4005
452 358 4567
453 374 4309
454 370 4371
455 367 4339
456 385 4185
457 354 4563
458 379 4230
459 367 4444
460 365 4363
461 354 4558
462 383 4178
463 343 4816
464 374 4305
465 349 4669
466 386 4148
467 345 4630
468 377 4207
469 378 4225
470 350 4608
471 377 4219
472 352 4658
473 368 4358
474 343 4845
475 389 4016
476 353 4703
477 387 4184
478 372 4449
479 352 4748
480 374 4337
481 365 4530
482 384 4236
483 363 4637
484 376 4419
485 361 4600
486 377 4461
487 372 4622
488 370 4396
489 341 4568
490 338 4518
491 349 4418
492 337 4679
493 368 4099
494 362 4195
495 348 4385
496 362 4283
497 333 4675
498 369 4057
499 340 4549
500 362 4157
501 357 4241
502 356 4321
503 355 4277
504 366 4091
505 346 4406
506 351 4293
507 366 4171
508 336 4600
509 361 4129
510 349 4378
511 362 4181
512 345 4370
513 370 4006
514 339 4568
515 372 4016
516 337 4599
517 354 4243
518 367 4106
519 336 4571
520 366 4033
521 346 4432
522 363 4236
523 329 4668
524 357 4243
525 361 4140
526 352 4310
527 349 4380
528 365 4162
529 342 4440
530 353 4239
531 360 4258
532 366 4079
533 350 4354
534 364 4116
535 346 4386
536 366 4080
537 348 4327
538 367 4069
539 352 4308
540 385 3729
541 358 4302
542 360 4139
543 361 4106
544 346 4506
545 350 4336
546 346 4403
547 366 4151
548 345 4398
549 353 4229
550 349 4306
551 351 4277
552 360 4175
553 341 4541
554 378 3864
555 354 4325
556 361 4179
557 344 4396
558 354 4248
559 362 4168
560 344 4372
561 347 4341
562 367 4088
563 336 4645
564 355 4343
565 346 4424
566 365 4203
567 364 4042
568 347 4401
569 354 4153
570 344 4406
571 349 4258
572 330 4609
573 359 4157
574 358 4270
575 346 4390
576 358 4233
577 334 4586
578 366 4053
579 327 4615
580 359 4197
581 329 4641
582 365 4001
583 337 4498
584 357 4208
585 344 4358
586 350 4284
587 328 4735
588 363 4017
589 323 4718
590 378 3877
591 328 4748
592 356 4191
593 345 4393
594 349 4327
595 356 4221
596 358 4214
597 370 4007
598 342 4440
599 350 4310
600 352 4261
601 355 4256
602 361 4168
603 335 4575
604 379 3910
605 330 4577
606 352 4254
607 340 4504
608 352 4281
609 339 4485
610 345 4452
611 340 4512
612 354 4184
613 365 4075
614 333 4619
615 364 4152
616 348 4428
617 371 3981
618 340 4482
619 358 4188
620 343 4398
621 357 4255
622 356 4214
623 352 4271
624 358 4182
625 356 4201
626 350 4385
627 349 4387
628 352 4251
629 343 4422
630 335 4515
631 347 4374
632 359 4304
633 356 4210
634 352 4299
635 336 4576
636 356 4208
637 333 4538
638 369 3980
639 347 4392
640 354 4235
641 363 4000
642 355 4239
643 360 4182
644 342 4397
645 354 4287
646 348 4344
647 350 4301
648 349 4309
649 349 4283
650 341 4535
651 357 4172
652 327 4641
653 364 4088
654 344 4355
655 362 4046
656 341 4396
657 348 4231
658 360 4123
659 346 4267
660 350 4288
661 350 4176
662 353 4181
663 360 4148
664 334 4499
665 366 3957
666 343 4338
667 343 4294
668 354 4131
669 344 4343
670 341 4374
671 349 4351
672 361 4065
673 342 4376
674 334 4497
675 358 4191
676 332 4487
677 337 4382
678 356 4099
679 337 4432
680 334 4558
681 351 4259
682 337 4532
683 350 4205
684 339 4458
685 353 4198
686 355 4215
687 342 4421
688 364 4118
689 349 4259
690 344 4311
691 343 4347
692 357 4137
693 342 4327
694 361 4081
695 340 4373
696 355 4236
697 343 4331
698 364 4015
699 352 4252
700 340 4374
701 367 3998
702 337 4413
703 364 3939
704 352 4202
705 344 4305
706 347 4249
707 345 4288
708 349 4276
709 362 4059
710 342 4390
711 357 4159
712 356 4177
713 338 4363
714 367 4043
715 334 4514
716 344 4287
717 344 4295
718 355 4142
719 354 4175
720 355 4113
721 337 4466
722 348 4226
723 346 4264
724 356 4138
725 352 4194
726 340 4438
727 340 4279
728 356 4067
729 345 4348
730 331 4513
731 372 3878
732 336 4526
733 356 4136
734 354 4083
735 321 4702
736 372 3957
737 335 4422
738 348 4234
739 353 4148
740 346 4295
741 340 4443
742 372 3967
743 351 4307
744 353 4157
745 351 4175
746 339 4438
747 361 4021
748 368 4021
749 349 4227
750 367 3997
751 352 4187
752 367 3985
753 328 4619
754 379 3792
755 330 4498
756 351 4281
757 347 4229
758 351 4263
759 336 4470
760 358 4125
761 341 4324
762 366 4024
763 340 4446
764 351 4191
765 344 4344
766 328 4447
767 353 4204
768 330 4495
769 364 4048
770 337 4390
771 348 4275
772 346 4250
773 355 4206
774 364 4020
775 346 4334
776 360 4078
777 350 4238
778 354 4199
779 335 4460
780 359 4109
781 350 4133
782 349 4164
783 336 4417
784 342 4275
785 353 4211
786 338 4354
787 348 4244
788 360 4029
789 339 4393
790 354 4115
791 338 4394
792 364 4091
793 337 4450
794 378 3748
795 333 4470
796 359 4105
797 354 4122
798 349 4285
799 360 4099
800 327 4564
801 361 4007
802 333 4600
803 364 3981
804 359 4044
805 357 4143
806 343 4380
807 355 4131
808 364 4008
809 347 4169
810 343 4325
811 357 4055
812 327 4610
813 335 4388
814 360 4158
815 367 4039
816 331 4555
817 378 3965
818 352 4367
819 348 4452
820 364 4263
821 345 4452
822 382 3901
823 335 4668
824 367 4116
825 360 4289
826 347 4434
827 359 4253
828 371 4196
829 348 4503
830 359 4367
831 360 4295
832 344 4484
833 363 4279
834 367 4186
835 368 4163
836 347 4522
837 378 4107
838 354 4355
839 367 4173
840 346 4529
841 376 4074
842 340 4559
843 378 3967
844 354 4311
845 360 4320
846 362 4267
847 360 4295
848 345 4514
849 364 4224
850 363 4222
851 346 4446
852 362 4275
853 342 4544
854 364 4211
855 341 4468
856 367 4140
857 331 4671
858 373 4031
859 357 4268
860 368 4141
861 354 4409
862 358 4263
863 360 4206
864 379 3960
865 366 4199
866 362 4237
867 350 4411
868 381 3984
869 337 4599
870 365 4205
871 327 4833
872 375 4104
873 337 4672
874 364 4164
875 341 4615
876 365 4225
877 348 4548
878 354 4376
879 364 4219
880 340 4560
881 357 4282
882 347 4493
883 358 4207
884 362 4216
885 358 4285
886 366 4163
887 359 4350
888 355 4341
889 337 4561
890 360 4229
891 362 4315
892 354 4243
893 354 4311
894 353 4366
895 353 4348
896 357 4300
897 356 4269
898 377 4055
899 359 4277
900 341 4577
901 362 4261
902 350 4416
903 351 4387
904 367 4069
905 356 4323
906 368 4068
907 349 4474
908 342 4543
909 359 4196
910 359 4338
911 347 4582
912 374 4072
913 339 4549
914 375 4031
915 348 4471
916 356 4358
917 351 4483
918 375 4007
919 373 4098
920 375 4058
921 366 4131
922 346 4438
923 367 4193
924 353 4380
925 382 3991
926 336 4531
927 361 4236
928 343 4514
929 364 4176
930 343 4602
931 372 4178
932 359 4355
933 354 4352
934 343 4476
935 357 4383
936 360 4256
937 355 4328
938 374 4043
939 356 4348
940 360 4294
941 343 4493
942 355 4305
943 357 4311
944 358 4305
945 342 4567
946 362 4251
947 361 4370
948 372 4043
949 356 4330
950 345 4529
951 353 4415
952 366 4167
953 352 4410
954 352 4348
955 366 4261
956 331 4634
957 393 3814
958 334 4718
959 376 3961
960 352 4407
961 355 4323
962 366 4138
963 350 4422
964 357 4352
965 380 4006
966 364 4239
967 370 4068
968 359 4266
969 362 4144
970 339 4539
971 354 4430
972 357 4303
973 344 4462
974 359 4255
975 348 4456
976 365 4147
977 372 4096
978 363 4251
979 368 4047
980 343 4480
981 349 4472
982 356 4302
983 362 4262
984 351 4396
985 369 4146
986 347 4456
987 357 4304
988 352 4428
989 353 4325
990 344 4501
991 346 4462
992 338 4595
993 381 3907
994 331 4695
995 362 4205
996 344 4510
997 367 4097
998 358 4302
999 353 4355
1000 362 4275
1 351 4543
2 360 4319
3 361 4382
4 352 4376
5 348 4440
6 342 4632
7 356 4278
8 360 4350
9 371 4229
10 333 4723
11 367 4230
12 340 4580
13 357 4322
14 363 4197
15 340 4643
16 364 4232
17 355 4291
18 366 4200
19 370 4109
20 358 4315
21 356 4378
22 364 4217
23 352 4386
24 359 4376
25 365 4165
26 357 4391
27 352 4433
28 358 4311
29 372 4182
30 362 4183
31 370 4089
32 375 4061
33 361 4225
34 362 4222
35 339 4670
36 359 4248
37 345 4457
38 352 4371
39 365 4176
40 354 4327
41 360 4305
42 373 4045
43 343 4515
44 378 4022
45 342 4592
46 360 4170
47 364 4158
48 352 4415
49 371 4133
50 366 4187
51 363 4245
52 354 4306
53 341 4576
54 367 4280
55 365 4228
56 359 4297
57 366 4175
58 364 4188
59 354 4355
60 363 4280
61 382 3955
62 355 4367
63 359 4236
64 354 4433
65 349 4523
66 350 4424
67 362 4217
68 336 4659
69 366 4221
70 357 4368
71 357 4347
72 347 4465
73 368 4158
74 360 4220
75 366 4214
76 352 4419
77 352 4309
78 357 4327
79 350 4465
80 371 4098
81 344 4555
82 373 4083
83 327 4853
84 380 3981
85 344 4640
86 357 4411
87 355 4327
88 346 4556
89 347 4482
90 366 4155
91 356 4278
92 346 4580
93 365 4226
94 363 4219
95 381 4028
96 350 4372
97 359 4367
98 339 4691
99 355 4403
100 357 4407
101 368 4164
102 346 4496
103 363 4177
104 359 4283
105 362 4218
106 370 4142
107 371 4119
108 367 4161
109 356 4351
110 380 4024
111 368 4202
112 364 4185
113 376 4033
114 353 4492
115 357 4384
116 352 4419
117 330 4695
118 369 4124
119 347 4570
120 364 4255
121 362 4344
122 358 4350
123 360 4243
124 321 4895
125 359 4246
126 372 4082
127 367 4147
128 369 4190
129 358 4352
130 359 4315
131 360 4355
132 363 4177
133 351 4371
134 369 4148
135 341 4553
136 355 4389
137 363 4221
138 362 4291
139 338 4650
140 360 4327
141 338 4668
142 365 4224
143 345 4553
144 352 4355
145 368 4132
146 356 4323
147 355 4296
148 352 4456
149 358 4254
150 348 4418
151 376 4011
152 335 4661
153 360 4324
154 350 4406
155 343 4470
156 366 4237
157 352 4429
158 361 4250
159 362 4280
160 346 4476
161 365 4152
162 355 4342
163 358 4293
164 352 4430
165 363 4183
166 357 4396
167 349 4376
168 360 4367
169 382 3925
170 349 4477
171 383 3935
172 378 4011
173 374 4063
174 330 4740
175 408 3618
176 347 4446
177 382 3918
178 350 4397
179 373 4085
180 346 4514
181 370 4141
182 356 4428
183 366 4200
184 368 4179
185 352 4384
186 361 4332
187 366 4172
188 373 4112
189 380 4054
190 348 4439
191 383 3956
192 344 4560
193 380 4049
194 355 4414
195 364 4251
196 373 4098
197 356 4401
198 374 4033
199 358 4393
200 368 4252
201 362 4262
202 358 4320
203 375 4113
204 355 4356
205 363 4190
206 353 4365
207 380 3944
208 357 4301
209 352 4374
210 369 4108
211 361 4290
212 350 4428
213 371 4117
214 364 4173
215 350 4492
216 369 4098
217 353 4412
218 360 4279
219 371 4123
220 359 4298
221 359 4314
222 361 4242
223 366 4191
224 359 4344
225 343 4549
226 353 4346
227 357 4328
228 337 4674
229 354 4381
230 364 4253
231 360 4302
232 355 4336
233 361 4283
234 371 4121
235 344 4520
236 376 4293
237 358 4509
238 362 4430
239 349 4680
240 386 4007
241 367 4208
242 372 4299
243 372 4292
244 375 4201
245 347 4673
246 366 4362
247 357 4454
248 374 4253
249 371 4263
250 352 4580
251 380 4031
252 351 4579
253 375 4074
254 371 4220
255 377 4143
256 350 4607
257 359 4463
258 359 4456
259 358 4409
260 365 4330
261 380 4133
262 347 4618
263 373 4308
264 355 4553
265 363 4388
266 365 4415
267 369 4302
268 358 4466
269 361 4443
270 373 4213
271 363 4368
272 374 4240
273 363 4421
274 385 4010
275 356 4540
276 380 4075
277 367 4423
278 373 4161
279 346 4584
280 391 3938
281 357 4431
282 375 4155
283 386 3996
284 366 4303
285 373 4160
286 388 3990
287 350 4594
288 391 3968
289 340 4844
290 384 4031
291 357 4443
292 385 4127
293 342 4748
294 377 4166
295 352 4443
296 373 4233
297 359 4376
298 372 4173
299 366 4353
300 357 4392
301 355 4497
302 349 4606
303 375 4216
304 373 4185
305 359 4499
306 363 4323
307 363 4317
308 367 4225
309 348 4605
310 362 4352
311 375 4200
312 375 4221
313 354 4489
314 372 4214
315 370 4288
316 366 4361
317 361 4322
318 365 4287
319 366 4339
320 374 4193
321 361 4343
322 354 4481
323 366 4336
324 352 4498
325 373 4201
326 360 4440
327 375 4126
328 356 4495
329 367 4234
330 351 4563
331 364 4362
332 350 4640
333 361 4365
334 353 4599
335 364 4304
336 376 4219
337 369 4306
338 383 4138
339 346 4615
340 365 4390
341 368 4337
342 366 4279
343 367 4255
344 373 4248
345 361 4362
346 367 4345
347 355 4526
348 367 4252
349 358 4457
350 377 4258
351 354 4544
352 355 4433
353 359 4500
354 355 4496
355 365 4257
356 355 4489
357 384 4015
358 346 4647
359 369 4306
360 346 4638
361 373 4333
362 360 4432
363 357 4537
364 368 4274
365 362 4372
366 379 4129
367 345 4631
368 381 4107
369 370 4197
370 370 4242
371 371 4263
372 359 4439
373 382 4074
374 350 4561
375 384 4023
376 333 4826
377 390 3993
378 359 4434
379 371 4240
380 368 4328
381 389 4056
382 350 4564
383 373 4138
384 343 4659
385 367 4235
386 361 4346
387 370 4229
388 369 4273
389 347 4570
390 373 4196
391 377 4117
392 354 4551
393 370 4332
394 340 4669
395 372 4167
396 348 4679
397 366 4402
398 365 4306
399 341 4670
400 365 4420
401 382 4069
402 378 4157
403 342 4669
404 380 4136
405 352 4538
406 359 4435
407 378 4205
408 361 4396
409 357 4535
410 352 4503
411 368 4264
412 348 4548
413 376 4078
414 378 4239
415 353 4485
416 364 4360
417 375 4146
418 340 4754
419 380 4113
420 358 4435
421 353 4516
422 370 4187
423 363 4348
424 364 4313
425 356 4433
426 363 4389
427 377 4125
428 347 4669
429 369 4260
430 361 4428
431 363 4393
432 349 4618
433 370 4203
434 346 4630
435 375 4173
436 363 4272
437 363 4320
438 360 4362
439 368 4275
440 361 4407
441 371 4255
442 355 4428
443 374 4180
444 360 4363
445 357 4408
446 368 4278
447 355 4428
448 375 4101
449 357 4512
450 375 4154
451 351 4508
452 376 4168
453 365 4266
454 357 4418
455 371 4168
456 363 4330
457 362 4437
458 352 4492
459 371 4251
460 369 4273
461 376 4156
462 378 4152
463 340 4634
464 371 4263
465 359 4440
466 352 4563
467 362 4352
468 333 4817
469 376 4145
470 346 4584
471 361 4380
472 355 4425
473 373 4227
474 372 4236
475 353 4499
476 375 4038
477 343 4571
478 378 4136
479 350 4501
480 382 3993
481 367 4237
482 365 4255
483 367 4178
484 368 4147
485 363 4264
486 358 4364
487 360 4397
488 359 4321
489 351 4496
490 367 4285
491 349 4501
492 366 4261
493 350 4513
494 360 4408
495 374 4200
496 353 4470
497 374 4085
498 355 4491
499 365 4278
500 362 4299
501 372 4114
502 360 4456
503 349 4506
504 362 4324
505 354 4428
506 378 4076
507 352 4419
508 361 4380
509 365 4279
510 369 4216
511 359 4293
512 373 4171
513 351 4520
514 350 4574
515 380 4055
516 338 4649
517 360 4389
518 362 4391
519 367 4290
520 342 4628
521 348 4587
522 364 4374
523 350 4519
524 378 4158
525 372 4197
526 358 4376
527 374 4234
528 346 4637
529 372 4143
530 354 4466
531 379 4084
532 369 4233
533 362 4361
534 379 4128
535 364 4323
536 364 4262
537 341 4725
538 371 4192
539 353 4447
540 354 4379
541 366 4258
542 332 4745
543 382 4002
544 344 4544
545 360 4297
546 356 4386
547 345 4368
548 351 4276
549 328 4643
550 382 3807
551 337 4485
552 370 3932
553 334 4525
554 376 3955
555 362 4148
556 326 4633
557 358 4203
558 337 4453
559 377 3872
560 343 4396
561 370 4048
562 360 4127
563 350 4258
564 356 4218
565 357 4155
566 341 4546
567 360 4171
568 330 4620
569 358 4117
570 346 4364
571 360 4076
572 348 4317
573 348 4315
574 363 4084
575 341 4431
576 359 4139
577 346 4267
578 349 4401
579 361 4121
580 362 4105
581 348 4312
582 354 4218
583 339 4436
584 376 3937
585 330 4556
586 341 4358
587 379 3891
588 350 4278
589 339 4439
590 357 4112
591 353 4168
592 351 4266
593 361 4097
594 353 4221
595 362 4115
596 345 4426
597 330 4563
598 362 4025
599 345 4365
600 368 4003
601 330 4569
602 370 3960
603 329 4534
604 371 3947
605 333 4593
606 360 4098
607 342 4415
608 358 4193
609 352 4160
610 351 4242
611 360 4152
612 338 4501
613 373 3839
614 334 4550
615 370 3958
616 346 4310
617 354 4180
618 347 4365
619 348 4296
620 348 4277
621 360 4180
622 344 4325
623 345 4265
624 348 4293
625 355 4200
626 347 4329
627 338 4479
628 365 4042
629 344 4375
630 354 4268
631 340 4395
632 361 4098
633 353 4271
634 357 4175
635 360 4120
636 353 4176
637 360 4136
638 351 4227
639 356 4245
640 342 4431
641 350 4287
642 353 4254
643 354 4260
644 351 4264
645 357 4173
646 345 4335
647 363 4054
648 322 4685
649 367 4058
650 332 4558
651 360 4080
652 362 4049
653 357 4199
654 355 4186
655 348 4337
656 349 4257
657 340 4430
658 350 4375
659 346 4408
660 342 4336
661 356 4183
662 356 4217
663 349 4278
664 362 4101
665 342 4337
666 358 4164
667 350 4271
668 381 3801
669 335 4537
670 358 4161
671 340 4475
672 353 4167
673 346 4296
674 361 4093
675 345 4388
676 366 3927
677 341 4429
678 368 4017
679 362 4116
680 338 4416
681 366 4020
682 341 4365
683 365 3972
684 347 4326
685 346 4254
686 336 4509
687 350 4272
688 347 4325
689 357 4178
690 347 4243
691 332 4556
692 363 4107
693 361 4066
694 362 4122
695 364 4122
696 373 3898
697 363 4009
698 348 4304
699 362 4074
700 370 3980
701 357 4054
702 345 4382
703 354 4261
704 356 4175
705 340 4436
706 364 4088
707 336 4477
708 357 4217
709 335 4418
710 361 4103
711 375 3918
712 349 4300
713 345 4332
714 347 4323
715 334 4607
716 351 4178
717 351 4334
718 367 3993
719 345 4324
720 365 3996
721 365 4075
722 329 4556
723 351 4238
724 353 4192
725 360 4072
726 364 4059
727 337 4513
728 346 4299
729 364 4043
730 359 4156
731 346 4373
732 359 4139
733 371 4021
734 341 4387
735 358 4130
736 356 4156
737 345 4298
738 344 4463
739 342 4382
740 365 3998
741 334 4508
742 375 3946
743 343 4374
744 359 4274
745 366 4023
746 368 3972
747 360 4106
748 343 4381
749 364 4003
750 342 4398
751 359 4070
752 346 4380
753 333 4559
754 364 4050
755 348 4377
756 353 4258
757 344 4391
758 364 4098
759 349 4365
760 348 4270
761 358 4197
762 332 4541
763 344 4315
764 359 4091
765 352 4299
766 340 4373
767 353 4257
768 354 4156
769 349 4242
770 360 4006
771 361 4078
772 349 4241
773 359 4224
774 364 4154
775 355 4157
776 348 4348
777 347 4315
778 361 4148
779 345 4323
780 349 4337
781 347 4287
782 342 4389
783 358 4191
784 351 4271
785 357 4183
786 340 4348
787 353 4266
788 338 4452
789 359 4115
790 340 4435
791 365 4093
792 340 4472
793 354 4254
794 347 4336
795 350 4274
796 349 4221
797 360 4108
798 341 4455
799 356 4218
800 342 4388
801 354 4195
802 347 4325
803 337 4537
804 367 3935
805 359 4201
806 334 4506
807 372 3897
808 328 4589
809 366 4040
810 331 4722
811 356 4208
812 349 4274
813 360 4185
814 343 4428
815 347 4310
816 363 4083
817 353 4193
818 334 4497
819 356 4175
820 336 4565
821 369 4008
822 331 4521
823 353 4226
824 347 4392
825 360 4158
826 369 4073
827 346 4388
828 365 3990
829 346 4357
830 342 4423
831 356 4183
832 337 4518
833 379 3934
834 349 4267
835 335 4420
836 355 4162
837 350 4251
838 362 4083
839 344 4381
840 374 3890
841 333 4559
842 357 4178
843 352 4138
844 342 4319
845 365 4076
846 342 4305
847 365 4125
848 358 4161
849 354 4168
850 350 4175
851 352 4240
852 380 3769
853 324 4656
854 374 3941
855 336 4482
856 375 3894
857 365 4130
858 341 4422
859 373 3932
860 340 4411
861 364 4095
862 344 4371
863 348 4275
864 358 4160
865 366 4079
866 351 4233
867 351 4256
868 351 4241
869 356 4201
870 352 4216
871 348 4300
872 358 4056
873 356 4119
874 369 4007
875 354 4195
876 382 3816
877 342 4469
878 368 3989
879 356 4147
880 370 3944
881 361 4121
882 366 4085
883 347 4327
884 367 4027
885 346 4310
886 360 4097
887 328 4539
888 358 4050
889 331 4443
890 359 4045
891 346 4213
892 381 3701
893 337 4324
894 366 3967
895 357 4098
896 358 4077
897 356 4179
898 367 3879
899 333 4492
900 399 3368
901 346 4255
902 361 4028
903 359 4066
904 376 3866
905 365 3941
906 367 4013
907 378 3778
908 344 4282
909 377 3815
910 344 4197
911 362 3937
912 365 3970
913 375 3796
914 338 4348
915 371 3941
916 330 4490
917 339 4312
918 346 4241
919 335 4348
920 349 4221
921 344 4306
922 348 4227
923 375 3805
924 349 4190
925 352 4112
926 345 4298
927 362 4068
928 356 4100
929 366 3879
930 352 4134
931 369 3948
932 344 4312
933 357 4150
934 386 3668
935 327 4513
936 362 4022
937 333 4437
938 355 4123
939 362 4031
940 357 4145
941 341 4268
942 361 3973
943 345 4350
944 363 3973
945 340 4328
946 359 4055
947 341 4280
948 368 3874
949 344 4318
950 361 3895
951 334 4419
952 354 4150
953 358 4049
954 358 4109
955 363 3975
956 359 4088
957 342 4322
958 356 4054
959 356 4131
960 352 4169
961 334 4418
962 347 4267
963 364 3998
964 353 4178
965 363 4070
966 337 4404
967 364 4019
968 340 4372
969 347 4239
970 353 4169
971 364 3993
972 347 4276
973 361 3999
974 336 4345
975 348 4238
976 358 4096
977 332 4454
978 358 4100
979 342 4325
980 351 4152
981 354 4077
982 364 3958
983 374 3898
984 330 4476
985 365 3973
986 341 4297
987 376 3809
988 359 4091
989 351 4182
990 366 3946
991 359 3980
992 362 4029
993 351 4218
994 376 3812
995 350 4248
996 350 4211
997 357 4133
998 360 4015
999 367 3881
1000 344 4342
