1 370 16080
2 402 14244
3 406 14452
4 380 15205
5 375 15790
6 372 15508
7 387 15218
8 396 14396
9 380 15167
10 412 14107
11 405 14224
12 399 14905
13 403 14833
14 369 16280
15 388 14914
16 393 14815
17 418 13702
18 386 15099
19 389 14502
20 374 15950
21 404 14258
22 391 14701
23 395 14797
24 398 14492
25 395 14301
26 402 14408
27 412 13794
28 389 14543
29 385 15162
30 407 14318
31 402 14179
32 398 14717
33 391 14976
34 388 15378
35 398 14712
36 378 15352
37 411 13611
38 406 14509
39 399 14553
40 409 14390
41 359 16637
42 408 14113
43 401 14722
44 396 14536
45 395 14886
46 392 14914
47 396 14816
48 399 14082
49 414 13885
50 417 13656
51 397 14015
52 403 14457
53 392 14946
54 404 14334
55 405 14291
56 406 14049
57 409 13877
58 402 14357
59 385 14800
60 403 14212
61 390 14977
62 396 14491
63 408 14323
64 400 14329
65 386 14865
66 407 13965
67 411 14026
68 409 13955
69 381 15014
70 399 14428
71 393 14782
72 381 15137
73 387 15177
74 390 14742
75 392 14537
76 390 14731
77 406 14265
78 400 14397
79 398 14699
80 391 14607
81 395 15108
82 381 15463
83 392 15097
84 391 14686
85 375 15752
86 395 14791
87 378 15704
88 401 14381
89 405 14215
90 408 13879
91 406 14033
92 411 14110
93 398 14524
94 386 14965
95 399 14358
96 405 14428
97 381 15580
98 390 14608
99 406 14573
100 392 14698
101 407 14283
102 401 14373
103 396 14513
104 394 14753
105 409 14077
106 388 14756
107 396 14873
108 405 13972
109 403 14198
110 393 14477
111 395 14957
112 402 13940
113 392 14796
114 388 14871
115 416 13623
116 403 14267
117 398 14499
118 406 14217
119 406 14325
120 398 14515
121 389 14797
122 397 14458
123 381 15115
124 399 14279
125 396 14556
126 393 14909
127 385 15141
128 414 13609
129 398 14563
130 425 13009
131 421 13218
132 392 14828
133 410 13982
134 394 14569
135 392 15008
136 411 13942
137 405 14379
138 411 14222
139 402 14220
140 408 14158
141 411 13785
142 411 13789
143 391 14958
144 407 13658
145 408 14149
146 399 14251
147 394 14629
148 404 14327
149 409 13934
150 410 13882
151 391 14836
152 417 13589
153 402 14364
154 407 14181
155 395 14332
156 406 14219
157 412 13598
158 411 13552
159 403 13923
160 408 13995
161 383 15470
162 400 14631
163 400 14601
164 405 14295
165 388 15001
166 409 14176
167 393 14901
168 408 13989
169 378 15330
170 418 13667
171 395 14722
172 412 13993
173 409 13776
174 414 13767
175 396 14694
176 412 13742
177 407 14071
178 402 14112
179 406 14362
180 399 14521
181 393 14806
182 400 14296
183 400 14290
184 394 14810
185 395 14713
186 403 14333
187 378 15637
188 389 14938
189 396 14516
190 404 14066
191 402 14390
192 398 14713
193 400 14459
194 396 14720
195 408 14246
196 389 14950
197 391 14960
198 407 14333
199 379 15809
200 388 15213
201 389 14929
202 413 13897
203 409 13908
204 400 14373
205 381 15340
206 374 15129
207 384 15137
208 402 14144
209 405 14131
210 386 14769
211 398 14307
212 390 14566
213 390 14433
214 380 15188
215 387 14425
216 387 14693
217 385 14654
218 397 14185
219 397 14274
220 395 14439
221 372 15606
222 396 14328
223 408 14087
224 399 14182
225 366 15925
226 382 15003
227 393 14640
228 386 14783
229 401 14312
230 398 14238
231 379 14882
232 399 14100
233 405 14054
234 382 15156
235 385 14928
236 373 15390
237 388 14885
238 387 15059
239 401 14280
240 393 14246
241 372 15136
242 404 14025
243 381 14764
244 392 14641
245 398 14252
246 388 15031
247 396 14340
248 380 15167
249 384 15172
250 401 14230
251 410 13578
252 400 14250
253 398 14170
254 400 14185
255 383 14879
256 396 14382
257 371 15181
258 396 14374
259 387 14621
260 373 15182
261 402 14111
262 387 14248
263 409 13802
264 391 14488
265 399 14389
266 383 15096
267 398 14593
268 380 15223
269 404 14074
270 376 15356
271 387 14403
272 390 14771
273 384 14842
274 393 14363
275 392 14371
276 390 14501
277 384 15015
278 372 15297
279 377 15230
280 377 15324
281 375 15459
282 377 15211
283 381 15275
284 402 14289
285 402 14023
286 399 14184
287 384 15080
288 400 13765
289 395 14621
290 408 13918
291 407 14199
292 370 15597
293 390 14463
294 384 14956
295 406 13977
296 385 14994
297 396 14198
298 394 14233
299 410 13559
300 396 14058
301 410 13519
302 402 14000
303 394 14379
304 399 14374
305 373 15475
306 391 14437
307 387 14398
308 394 14443
309 398 14131
310 392 14504
311 385 14855
312 381 15202
313 405 14103
314 395 14157
315 383 14914
316 392 14398
317 390 14937
318 392 14346
319 374 15190
320 389 14574
321 384 15277
322 399 13911
323 388 14690
324 377 15213
325 384 14712
326 396 14232
327 396 14240
328 394 14710
329 393 14564
330 385 14716
331 393 14711
332 389 14498
333 406 13871
334 409 13680
335 400 14293
336 386 14503
337 387 14695
338 386 14858
339 392 14294
340 392 14297
341 394 14379
342 403 14186
343 404 14360
344 398 14310
345 405 14355
346 388 14771
347 394 14145
348 384 15281
349 399 14218
350 372 15564
351 403 14140
352 375 15085
353 401 14172
354 386 14796
355 384 14995
356 394 14498
357 391 14340
358 402 13761
359 374 15344
360 395 14247
361 390 14713
362 371 15475
363 402 14051
364 390 14917
365 382 15316
366 391 14646
367 388 14424
368 383 15031
369 394 14618
370 381 14961
371 378 14997
372 376 15283
373 388 14802
374 381 15132
375 384 14762
376 383 14890
377 404 14118
378 400 14127
379 399 14391
380 393 14695
381 384 14927
382 391 14515
383 389 14516
384 382 15046
385 396 14525
386 377 15250
387 396 14179
388 379 15235
389 391 14722
390 381 14880
391 382 15247
392 404 14200
393 383 14919
394 391 14594
395 402 14073
396 403 14179
397 381 15298
398 393 14614
399 385 15043
400 396 14473
401 395 14558
402 392 14456
403 378 15475
404 400 14567
405 384 14823
406 375 15204
407 390 14448
408 377 15187
409 393 14651
410 386 14545
411 394 14470
412 404 13981
413 397 14201
414 403 14264
415 393 14773
416 371 15793
417 385 14500
418 383 15268
419 385 14835
420 391 14805
421 367 16212
422 406 13935
423 408 13583
424 390 14492
425 388 14460
426 390 14474
427 382 15001
428 396 14320
429 386 14821
430 376 15385
431 387 14658
432 394 14350
433 366 15820
434 397 13977
435 391 14265
436 380 14889
437 379 15464
438 387 14701
439 371 15583
440 399 14165
441 374 15626
442 393 14495
443 388 14936
444 396 14371
445 377 15314
446 394 14391
447 392 14368
448 381 14811
449 401 14530
450 370 15892
451 390 14647
452 387 14504
453 400 13965
454 395 14429
455 388 14645
456 392 14616
457 377 15042
458 397 14485
459 369 15885
460 386 14719
461 373 15425
462 388 14647
463 383 14984
464 400 14122
465 397 14250
466 387 14949
467 410 13887
468 388 14566
469 380 15241
470 399 14227
471 397 14314
472 395 14370
473 405 14134
474 391 14750
475 384 14763
476 385 14823
477 368 15472
478 390 14711
479 380 14950
480 405 13858
481 389 14744
482 398 14278
483 383 15034
484 399 14201
485 400 14259
486 389 14578
487 382 15039
488 396 14403
489 389 14606
490 403 13932
491 389 14686
492 388 14821
493 379 15459
494 401 14103
495 386 14838
496 388 14752
497 365 16366
498 391 14727
499 383 14799
500 386 14947
501 379 15348
502 397 14097
503 397 14468
504 411 13741
505 398 14289
506 386 14922
507 376 15241
508 378 15179
509 401 13968
510 386 14981
511 379 14852
512 404 14090
513 400 14142
514 403 14176
515 384 15149
516 388 14838
517 392 14571
518 370 15354
519 411 13729
520 391 14278
521 390 14782
522 397 14169
523 393 14306
524 401 14073
525 381 15088
526 395 14459
527 398 14662
528 388 14658
529 380 15073
530 381 15119
531 395 14588
532 371 15241
533 394 14574
534 377 14857
535 389 14442
536 380 14676
537 379 14813
538 372 15259
539 369 15590
540 381 14156
541 388 14175
542 399 13847
543 381 14915
544 377 14844
545 382 14572
546 395 14024
547 372 15286
548 388 14615
549 388 14555
550 388 14519
551 369 15277
552 379 14822
553 377 15145
554 387 14251
555 369 15172
556 395 13996
557 384 14059
558 393 14006
559 384 14482
560 379 14560
561 388 14655
562 373 15098
563 384 14568
564 371 15619
565 393 13984
566 398 13979
567 383 14592
568 385 14402
569 372 14844
570 383 14784
571 379 14774
572 360 15968
573 371 15205
574 355 16280
575 374 15053
576 388 14583
577 398 13931
578 375 14831
579 408 13515
580 385 14476
581 387 13900
582 394 14089
583 384 14425
584 383 14792
585 385 14420
586 388 14425
587 367 15616
588 376 15257
589 395 14049
590 379 15473
591 387 14350
592 375 15299
593 393 14390
594 390 14628
595 383 14342
596 377 14826
597 380 14749
598 376 15208
599 391 13955
600 376 14668
601 382 14403
602 390 14487
603 397 13816
604 390 14138
605 405 13701
606 387 14312
607 391 14183
608 371 14765
609 394 14056
610 382 14673
611 371 15225
612 371 15304
613 383 14669
614 375 15086
615 395 13747
616 399 13770
617 396 13901
618 383 14336
619 385 14727
620 375 15368
621 388 14280
622 386 14320
623 381 14454
624 392 14087
625 374 15147
626 409 13151
627 393 14022
628 401 13602
629 377 14797
630 393 14205
631 384 14950
632 388 14133
633 378 15108
634 402 13629
635 384 14275
636 376 14960
637 374 15252
638 384 14458
639 390 14325
640 398 13847
641 396 14277
642 394 13848
643 368 15728
644 399 13450
645 376 15225
646 386 14371
647 399 13806
648 378 15287
649 399 14227
650 371 15309
651 395 13928
652 393 14197
653 397 13836
654 375 14821
655 386 14577
656 375 15173
657 367 15491
658 390 14630
659 377 14980
660 388 14380
661 372 15228
662 386 14414
663 380 14671
664 366 15617
665 373 15372
666 383 14481
667 390 14041
668 395 13987
669 372 15094
670 388 14238
671 356 16049
672 390 14183
673 364 15579
674 388 14161
675 392 14234
676 393 14092
677 396 13792
678 372 14980
679 379 14994
680 389 14320
681 383 14413
682 367 15647
683 388 14601
684 390 13979
685 391 14781
686 382 14557
687 360 16030
688 389 14171
689 371 15049
690 395 14075
691 386 14894
692 371 15584
693 380 14831
694 364 15534
695 386 14472
696 368 15473
697 394 14035
698 378 15226
699 402 14036
700 381 14935
701 401 13629
702 395 13716
703 387 14384
704 392 13960
705 390 14241
706 391 14616
707 380 14632
708 387 14558
709 390 14210
710 378 14468
711 367 15284
712 387 14620
713 371 15356
714 396 13836
715 397 13986
716 388 14367
717 382 14986
718 398 13684
719 367 15545
720 398 13910
721 374 15474
722 393 13920
723 386 14218
724 383 14358
725 385 14729
726 386 14272
727 389 14128
728 404 13930
729 388 14237
730 378 14611
731 392 14223
732 382 15090
733 400 14202
734 384 14408
735 383 14548
736 383 14563
737 382 15079
738 371 15436
739 385 14642
740 386 14093
741 403 13489
742 396 13941
743 389 14214
744 383 14443
745 391 14513
746 373 14867
747 391 14373
748 384 14840
749 367 15480
750 396 13952
751 386 14439
752 391 14322
753 383 14315
754 381 14590
755 385 14334
756 379 14706
757 396 14211
758 379 15020
759 386 14301
760 371 15066
761 383 14664
762 385 14466
763 379 15010
764 389 14367
765 399 13886
766 380 14639
767 382 14695
768 384 14414
769 371 15227
770 363 15527
771 380 14648
772 369 15451
773 390 14381
774 394 13960
775 385 14875
776 391 14357
777 388 14225
778 380 14802
779 379 14614
780 388 14274
781 393 14347
782 380 14711
783 395 13799
784 390 14181
785 377 14729
786 395 14056
787 367 15370
788 374 15126
789 397 13743
790 392 14386
791 384 14586
792 380 15092
793 379 14947
794 363 15808
795 378 14888
796 388 14275
797 382 14732
798 383 14273
799 391 14183
800 394 14181
801 384 14362
802 408 13495
803 386 14280
804 387 14318
805 398 13792
806 387 14580
807 393 14112
808 400 13714
809 399 14095
810 379 14691
811 379 15529
812 389 14501
813 393 14208
814 382 14474
815 387 14506
816 398 13859
817 393 14174
818 384 14494
819 399 13873
820 382 14526
821 399 13876
822 393 13971
823 387 14287
824 380 14455
825 383 14915
826 395 13870
827 393 13832
828 367 15195
829 373 15409
830 383 14670
831 383 14334
832 392 14255
833 389 14196
834 373 15216
835 380 14428
836 391 13982
837 385 14484
838 374 15080
839 383 14678
840 390 14307
841 389 14320
842 369 15313
843 402 13613
844 371 15445
845 384 14625
846 377 14967
847 389 14324
848 373 15045
849 381 14298
850 386 14099
851 377 14836
852 393 14017
853 375 14723
854 376 14664
855 370 15313
856 391 14051
857 380 14592
858 392 14093
859 375 15161
860 386 14762
861 390 14879
862 401 13750
863 404 13438
864 405 13541
865 401 13840
866 400 13755
867 400 13683
868 390 14354
869 382 14487
870 409 13532
871 394 14109
872 395 14071
873 402 13594
874 399 13758
875 408 13274
876 399 13564
877 401 13667
878 408 13666
879 397 13982
880 409 13372
881 384 14690
882 409 13141
883 400 13935
884 407 13141
885 411 13174
886 424 12617
887 419 12467
888 410 13096
889 418 12679
890 414 12975
891 419 12899
892 412 13047
893 414 12821
894 412 12957
895 405 13425
896 401 13206
897 406 13400
898 404 13289
899 403 13606
900 414 13037
901 402 13703
902 422 12545
903 404 13796
904 414 12722
905 412 13008
906 405 13304
907 407 13055
908 418 12788
909 408 13132
910 404 13350
911 401 13657
912 407 13466
913 420 12452
914 430 12320
915 411 13246
916 412 13248
917 412 13070
918 396 14099
919 418 13153
920 398 13524
921 413 12702
922 387 14030
923 399 13796
924 388 14312
925 386 14475
926 398 14475
927 399 13785
928 400 13609
929 396 14017
930 394 14265
931 377 14823
932 404 13072
933 385 14806
934 392 14234
935 394 14131
936 391 14305
937 387 14643
938 405 13580
939 399 13987
940 379 15119
941 377 14909
942 396 14328
943 392 14286
944 370 15337
945 396 14159
946 367 15926
947 396 14241
948 383 15196
949 382 14754
950 371 15286
951 394 14280
952 368 15910
953 395 13970
954 395 14209
955 371 15372
956 381 14720
957 390 14406
958 403 14028
959 397 13842
960 373 15201
961 402 14129
962 396 14126
963 399 14124
964 390 14324
965 370 15540
966 379 14946
967 384 14313
968 380 15307
969 400 13541
970 377 15237
971 382 14840
972 383 14905
973 393 14299
974 391 14137
975 384 14515
976 396 14339
977 395 14491
978 393 13948
979 386 14340
980 409 13083
981 416 12941
982 401 13993
983 406 13431
984 387 14095
985 401 14014
986 397 13929
987 395 14304
988 403 13705
989 404 13770
990 402 14009
991 391 14429
992 394 14159
993 402 13756
994 390 14212
995 399 13843
996 395 14138
997 378 14894
998 397 14281
999 409 13016
1000 386 14667
1 377 16847
2 407 14595
3 411 14374
4 395 15403
5 414 14000
6 384 16254
7 405 14778
8 397 15559
9 404 14699
10 387 15636
11 407 14964
12 400 15231
13 392 15353
14 413 14663
15 392 15364
16 413 14438
17 405 14957
18 380 15992
19 402 15207
20 403 14773
21 403 14836
22 421 14091
23 391 15710
24 413 14549
25 406 14555
26 402 14927
27 404 15173
28 391 15362
29 389 15593
30 417 14458
31 393 15759
32 402 14640
33 410 14744
34 403 15013
35 381 15866
36 408 14336
37 412 14510
38 406 14513
39 402 14852
40 410 14671
41 380 16152
42 419 14138
43 401 14715
44 390 15512
45 399 15222
46 401 14850
47 394 15639
48 410 14717
49 397 15419
50 408 15188
51 379 16329
52 399 15103
53 402 14963
54 410 14336
55 397 15423
56 382 15732
57 407 14452
58 402 15084
59 403 14853
60 394 14889
61 425 13966
62 395 15265
63 408 14601
64 408 14956
65 404 14796
66 422 13859
67 420 14340
68 411 14313
69 395 15497
70 403 14866
71 403 14689
72 415 14130
73 385 16104
74 403 14904
75 400 14910
76 404 14853
77 409 14219
78 395 15031
79 411 14432
80 401 14861
81 390 15061
82 409 14677
83 407 14409
84 406 14610
85 403 15123
86 404 15134
87 420 14123
88 412 14185
89 417 13803
90 412 14472
91 398 14944
92 413 14558
93 392 15111
94 401 15205
95 402 14958
96 408 14573
97 406 14960
98 417 14177
99 412 13818
100 420 13762
101 405 14464
102 403 14603
103 407 14756
104 407 14313
105 404 14667
106 400 15074
107 377 16525
108 405 14726
109 391 15574
110 400 14927
111 403 14653
112 388 15471
113 391 15417
114 397 15253
115 386 15677
116 393 15045
117 396 14832
118 421 13344
119 410 14236
120 407 14557
121 394 15630
122 398 14749
123 400 14908
124 405 14686
125 412 14610
126 383 15730
127 401 14666
128 409 14348
129 392 15339
130 381 16167
131 409 14371
132 402 14699
133 404 15133
134 400 14840
135 403 14865
136 410 14301
137 407 14170
138 399 14808
139 400 15037
140 411 14554
141 414 14010
142 400 15088
143 387 15504
144 381 15856
145 387 15454
146 391 15194
147 401 15053
148 408 14530
149 376 16124
150 398 14724
151 393 15467
152 394 15794
153 403 14488
154 390 15391
155 400 14608
156 403 14620
157 402 14698
158 394 15272
159 414 14123
160 397 15084
161 403 14756
162 388 15528
163 394 15274
164 387 15499
165 415 14112
166 405 14768
167 400 15109
168 400 15184
169 380 16026
170 408 14604
171 405 14582
172 393 15291
173 403 15153
174 391 15397
175 396 15301
176 399 15072
177 411 14380
178 386 15879
179 409 14254
180 413 14319
181 398 15413
182 391 15534
183 384 15758
184 394 15479
185 404 14667
186 393 15136
187 404 14482
188 398 15111
189 398 14703
190 382 15654
191 396 14901
192 404 14780
193 418 13948
194 396 14722
195 370 16694
196 396 15307
197 396 14791
198 397 15130
199 398 14854
200 409 14270
201 402 14668
202 390 15516
203 394 15730
204 390 15370
205 418 13795
206 397 14910
207 413 14268
208 404 14718
209 413 14142
210 397 15047
211 395 15071
212 409 15325
213 392 15654
214 401 15322
215 392 15600
216 408 14924
217 397 15483
218 407 14707
219 386 15855
220 409 14976
221 391 15962
222 416 14421
223 396 15317
224 411 15053
225 382 16394
226 416 14564
227 394 15424
228 408 15010
229 395 15406
230 403 15180
231 411 14581
232 408 15416
233 402 14957
234 407 14960
235 406 14831
236 413 14601
237 408 15016
238 406 14456
239 387 16233
240 409 15063
241 397 15430
242 398 15343
243 397 15372
244 390 15991
245 414 14702
246 388 15632
247 420 14498
248 400 15103
249 400 15594
250 394 15401
251 401 15120
252 401 15129
253 411 14709
254 413 14733
255 399 15458
256 396 15330
257 415 14223
258 414 14946
259 407 15231
260 394 15812
261 405 14915
262 401 15070
263 408 14829
264 407 14678
265 414 14549
266 403 15047
267 418 14008
268 411 14462
269 414 14809
270 405 15142
271 414 14276
272 401 15223
273 411 14647
274 400 15224
275 387 16079
276 399 15013
277 419 14567
278 402 14885
279 386 16094
280 400 15388
281 415 14794
282 403 14827
283 413 14513
284 408 14538
285 396 15444
286 395 15711
287 410 14776
288 397 15344
289 403 14997
290 388 15812
291 411 14386
292 409 14689
293 390 15841
294 409 14893
295 406 15183
296 391 15434
297 386 15748
298 398 15046
299 411 14559
300 416 14237
301 407 14736
302 404 15008
303 392 15464
304 384 15342
305 380 15126
306 399 14632
307 390 14673
308 408 13915
309 390 15023
310 406 14482
311 386 15045
312 382 15385
313 391 14569
314 403 14716
315 397 14613
316 406 14428
317 378 15605
318 372 15877
319 390 14847
320 389 15252
321 400 14557
322 393 15014
323 392 14565
324 397 15114
325 394 14724
326 394 14884
327 392 14527
328 408 14304
329 385 15113
330 415 13773
331 402 14397
332 399 14520
333 385 15380
334 405 14347
335 386 15167
336 387 15173
337 408 13871
338 387 15345
339 386 15107
340 396 14572
341 399 14540
342 402 13996
343 378 15472
344 387 15592
345 392 14809
346 397 14713
347 378 15629
348 384 15117
349 393 14928
350 398 14315
351 402 14795
352 387 14965
353 398 14646
354 386 15022
355 393 14609
356 401 14175
357 386 14927
358 389 14908
359 375 15737
360 397 14802
361 393 14395
362 394 14677
363 394 14622
364 400 14298
365 399 14321
366 414 13947
367 386 14621
368 404 13997
369 362 16359
370 415 13569
371 378 15282
372 409 14134
373 402 14027
374 400 14538
375 394 14672
376 400 14439
377 387 14897
378 378 15718
379 396 14658
380 383 15525
381 408 13699
382 396 14354
383 382 14862
384 381 15246
385 401 14178
386 382 15274
387 398 14549
388 393 14710
389 384 15409
390 412 14009
391 414 13826
392 397 14611
393 391 14842
394 383 15195
395 395 14559
396 375 15783
397 399 14407
398 389 15036
399 397 14381
400 384 14972
401 392 14901
402 395 14853
403 380 15491
404 388 14941
405 379 15750
406 384 15179
407 401 14231
408 401 14132
409 395 14677
410 394 14615
411 403 14184
412 386 15395
413 382 15379
414 383 15186
415 382 15005
416 388 14792
417 398 14576
418 377 15538
419 393 14833
420 389 14907
421 386 15444
422 381 15455
423 394 14881
424 385 14979
425 389 14787
426 384 15419
427 391 14402
428 398 14078
429 397 14431
430 388 15029
431 377 15512
432 379 15113
433 396 14251
434 382 15230
435 400 14455
436 392 14713
437 406 14093
438 383 14934
439 384 15330
440 407 14222
441 398 14281
442 363 16072
443 406 13757
444 389 15471
445 386 15143
446 390 14726
447 374 15761
448 400 14321
449 376 15280
450 384 14919
451 399 14493
452 387 15283
453 402 14590
454 379 15517
455 382 14975
456 371 15815
457 399 14508
458 382 15291
459 396 14682
460 376 15474
461 402 14263
462 399 13878
463 384 14823
464 397 14233
465 416 13413
466 401 14271
467 396 14411
468 401 14259
469 386 15112
470 391 14672
471 399 14232
472 384 15454
473 380 15163
474 406 13748
475 388 15273
476 397 14688
477 374 15822
478 393 14512
479 374 15576
480 397 14319
481 366 16078
482 412 13765
483 369 16197
484 397 14270
485 366 16136
486 406 14237
487 393 14617
488 395 14376
489 389 14561
490 387 15149
491 386 14988
492 411 13999
493 380 14854
494 407 13833
495 379 15553
496 405 13971
497 405 13859
498 401 14134
499 390 14866
500 402 13828
501 409 14323
502 401 14470
503 412 13623
504 387 14635
505 403 14169
506 395 14550
507 373 15472
508 403 14315
509 370 15659
510 397 14577
511 396 14643
512 392 14617
513 392 14467
514 393 14469
515 381 14968
516 408 13951
517 403 14156
518 381 15337
519 389 14399
520 381 15182
521 382 15497
522 394 14694
523 398 14148
524 382 15256
525 386 14777
526 410 13806
527 399 14434
528 393 14303
529 390 14839
530 399 14317
531 382 15504
532 398 13630
533 393 14661
534 404 15127
535 414 14499
536 398 15060
537 397 15706
538 400 15171
539 390 16152
540 406 14779
541 413 14634
542 401 15293
543 404 15020
544 409 14646
545 404 15015
546 394 15038
547 419 14463
548 415 14694
549 409 14555
550 390 15566
551 406 14884
552 414 14603
553 400 15018
554 404 14897
555 428 13684
556 411 14275
557 402 15031
558 419 13958
559 391 15639
560 405 14490
561 406 14804
562 392 15364
563 393 15457
564 405 14812
565 388 15776
566 399 15104
567 401 15031
568 403 15131
569 386 16042
570 416 14610
571 394 15321
572 403 14935
573 406 14765
574 391 15242
575 403 14808
576 390 15481
577 405 14931
578 394 15230
579 411 14657
580 401 14955
581 389 15421
582 396 15091
583 402 15137
584 386 15754
585 394 15560
586 407 14456
587 395 15250
588 396 15121
589 415 14306
590 388 15643
591 401 15417
592 413 14218
593 395 15476
594 392 15192
595 415 14265
596 402 14768
597 402 14727
598 400 15153
599 394 15463
600 407 14559
601 411 14578
602 399 15327
603 400 15231
604 380 15738
605 391 15446
606 423 13995
607 390 15667
608 418 14374
609 391 15452
610 425 13644
611 414 13932
612 421 13959
613 438 13577
614 417 14224
615 414 14302
616 418 13983
617 402 14935
618 420 14053
619 386 15665
620 400 15057
621 405 14967
622 408 14851
623 400 15148
624 394 15060
625 415 14379
626 373 16056
627 407 14833
628 381 16082
629 407 14673
630 386 15646
631 401 15053
632 393 15565
633 395 15269
634 402 15187
635 416 14308
636 397 14933
637 397 15046
638 397 15095
639 414 14274
640 386 15699
641 410 14559
642 401 15198
643 407 14422
644 386 15730
645 397 15429
646 403 14336
647 390 15372
648 403 15126
649 407 14659
650 388 15633
651 404 14871
652 390 15457
653 403 15150
654 399 15027
655 396 15143
656 393 15190
657 409 14376
658 408 14606
659 391 15580
660 404 14710
661 395 15067
662 395 15300
663 411 14717
664 414 14482
665 397 14940
666 408 14731
667 402 15056
668 390 15573
669 399 15086
670 400 15407
671 396 15183
672 374 16115
673 408 14346
674 394 15028
675 401 15231
676 396 15561
677 404 14980
678 392 15333
679 387 15622
680 409 14417
681 383 15973
682 398 14901
683 395 15182
684 391 15597
685 396 15100
686 395 15521
687 390 15604
688 394 15336
689 406 14678
690 390 14882
691 404 14345
692 387 15518
693 413 14314
694 410 14316
695 408 14477
696 387 15547
697 416 14256
698 408 14191
699 396 15182
700 401 15290
701 409 14183
702 395 15188
703 405 14887
704 402 14642
705 400 15212
706 417 14137
707 412 14300
708 402 14741
709 399 14987
710 409 14518
711 403 14521
712 407 14338
713 409 14457
714 406 14671
715 391 15464
716 419 14260
717 372 16603
718 409 14232
719 407 15336
720 397 14970
721 406 14478
722 395 14469
723 390 15151
724 397 14843
725 405 14620
726 385 15913
727 410 14515
728 375 16028
729 415 13754
730 392 15205
731 393 15318
732 400 14816
733 386 15459
734 383 14557
735 388 14224
736 365 15361
737 398 13745
738 394 14243
739 391 14080
740 380 14809
741 395 14023
742 381 14881
743 377 14733
744 394 13855
745 368 15469
746 382 14764
747 378 14849
748 376 14947
749 386 14490
750 375 15111
751 396 13830
752 373 15171
753 383 14289
754 381 14725
755 379 14871
756 384 14506
757 387 14122
758 398 13660
759 393 14048
760 389 14273
761 391 14412
762 388 14568
763 383 14626
764 365 15721
765 380 14746
766 382 14661
767 373 15010
768 377 14746
769 396 13663
770 392 14038
771 386 14229
772 391 14020
773 388 14617
774 409 13024
775 386 14398
776 386 14310
777 394 14180
778 388 14217
779 391 14123
780 377 14494
781 396 13837
782 362 15614
783 391 14291
784 386 14250
785 378 14789
786 386 14380
787 390 13950
788 390 13951
789 384 14237
790 387 14229
791 376 15183
792 379 14816
793 379 14796
794 389 13956
795 376 14836
796 387 14132
797 391 14069
798 385 14542
799 396 14102
800 382 14582
801 382 14351
802 391 14159
803 391 14049
804 383 14064
805 375 14780
806 386 14408
807 387 13910
808 382 14669
809 399 13702
810 395 13974
811 379 14960
812 393 13608
813 377 14973
814 401 13555
815 406 13120
816 378 14966
817 389 14294
818 378 14763
819 382 14648
820 377 14530
821 396 13864
822 399 13332
823 393 13927
824 393 14017
825 390 14482
826 393 13763
827 360 15077
828 384 14318
829 380 14594
830 376 14901
831 387 14539
832 392 13749
833 382 14893
834 373 15136
835 386 14485
836 383 14397
837 396 14033
838 382 14544
839 394 13771
840 391 14260
841 400 13480
842 386 14284
843 387 14199
844 386 14554
845 366 15350
846 382 14638
847 396 14069
848 389 14227
849 386 14437
850 382 14421
851 375 15161
852 391 13823
853 385 14571
854 380 14649
855 385 14435
856 385 14548
857 392 13743
858 376 14949
859 391 13894
860 377 14961
861 382 14924
862 381 14487
863 370 15148
864 392 13972
865 365 15572
866 388 14544
867 374 14996
868 391 14458
869 380 14723
870 397 13631
871 364 15344
872 390 13962
873 367 15433
874 388 13888
875 386 14449
876 391 13838
877 379 14622
878 399 13547
879 389 14062
880 387 13813
881 383 14297
882 380 14057
883 381 14574
884 396 13655
885 388 14384
886 394 13805
887 375 14689
888 392 13701
889 372 15167
890 382 14623
891 378 14767
892 392 13934
893 387 14505
894 392 13710
895 390 14039
896 396 13972
897 377 14761
898 381 14570
899 380 14221
900 384 14217
901 387 14404
902 375 14840
903 379 14426
904 386 15488
905 405 14528
906 393 14672
907 397 14687
908 393 15073
909 411 14302
910 400 14348
911 398 14809
912 405 14389
913 394 14941
914 408 13969
915 370 16129
916 397 14612
917 377 16210
918 381 15920
919 403 14571
920 411 14421
921 403 14464
922 396 15022
923 408 14451
924 402 14316
925 403 14623
926 411 14547
927 386 15181
928 405 14478
929 384 15786
930 401 14507
931 403 14770
932 390 15045
933 417 13941
934 393 14998
935 405 14477
936 403 14276
937 391 15189
938 392 14838
939 387 15269
940 400 14432
941 397 15079
942 407 14377
943 386 15520
944 412 14029
945 387 15326
946 404 14604
947 400 14827
948 395 15094
949 394 14660
950 413 14016
951 401 14677
952 388 15498
953 384 15817
954 392 14910
955 400 14831
956 396 14674
957 406 14585
958 402 14346
959 397 14657
960 406 14730
961 405 14545
962 404 14532
963 393 15114
964 381 15814
965 396 15356
966 399 14683
967 396 14622
968 382 15943
969 390 15122
970 397 14703
971 393 15474
972 397 14686
973 387 15370
974 401 14520
975 383 15339
976 391 15135
977 395 14958
978 393 14956
979 393 14518
980 397 14711
981 399 14621
982 385 15553
983 390 15156
984 393 15050
985 389 15420
986 396 15156
987 391 14969
988 400 14812
989 395 14678
990 386 15113
991 393 14945
992 392 15312
993 399 14591
994 375 16111
995 405 13965
996 410 14206
997 400 14253
998 404 14221
999 438 12345
1000 403 14721
1 345 17757
2 404 14125
3 390 14934
4 400 14177
5 396 14267
6 397 14248
7 390 14958
8 400 13817
9 392 14294
10 386 14710
11 398 14405
12 397 14325
13 399 14207
14 387 14886
15 398 14126
16 405 13862
17 403 13771
18 411 13025
19 416 13372
20 405 13589
21 406 13595
22 396 14804
23 398 14341
24 403 14107
25 390 14450
26 387 14678
27 393 14181
28 398 14740
29 404 13675
30 373 15914
31 401 13764
32 390 14807
33 402 13881
34 399 13938
35 415 12972
36 399 14427
37 401 14012
38 389 14831
39 406 13300
40 402 14009
41 393 14352
42 405 14189
43 383 15041
44 369 15664
45 378 15335
46 400 14316
47 399 14152
48 371 15810
49 409 13902
50 396 14198
51 399 13990
52 383 15010
53 397 14061
54 374 15556
55 379 15181
56 395 14316
57 388 15013
58 400 13946
59 402 13811
60 394 14331
61 395 14525
62 395 14435
63 412 13258
64 395 14301
65 400 14215
66 400 13848
67 402 14391
68 387 14854
69 418 13036
70 419 12996
71 398 14267
72 411 13439
73 391 14481
74 399 14075
75 400 13758
76 403 13894
77 378 15275
78 384 15148
79 394 14242
80 395 14693
81 392 14249
82 380 15237
83 392 14220
84 401 14044
85 406 13788
86 390 14995
87 401 14494
88 389 14798
89 393 14477
90 383 15235
91 387 15003
92 398 14562
93 396 13945
94 408 13605
95 399 13877
96 411 13266
97 411 13260
98 425 12647
99 408 13370
100 416 13004
101 395 14268
102 415 13050
103 414 13388
104 406 13957
105 407 13255
106 410 13708
107 415 13164
108 410 13091
109 409 13595
110 420 12863
111 388 14466
112 406 13790
113 419 12862
114 413 12940
115 410 13317
116 385 14962
117 403 13695
118 393 14578
119 388 14416
120 395 14131
121 380 15228
122 403 13695
123 386 14602
124 385 15091
125 374 15506
126 400 14373
127 391 14751
128 381 14875
129 386 14834
130 385 14736
131 411 13525
132 396 14068
133 388 14445
134 410 13476
135 415 13326
136 404 13691
137 379 14931
138 397 14004
139 405 13537
140 399 13914
141 400 14052
142 409 13682
143 399 14404
144 398 14051
145 404 13692
146 388 14657
147 380 15404
148 397 13894
149 393 14672
150 399 14115
151 377 15070
152 386 14704
153 387 14650
154 388 14791
155 394 14525
156 389 14742
157 385 14809
158 399 14361
159 382 14868
160 383 14884
161 403 13546
162 389 14662
163 377 15110
164 396 14233
165 396 14182
166 387 14819
167 397 14034
168 407 13624
169 373 14902
170 383 15228
171 369 15385
172 383 14921
173 381 15159
174 378 14988
175 387 14538
176 390 14558
177 398 14105
178 398 13744
179 398 13758
180 383 14662
181 403 14074
182 403 13774
183 416 13121
184 408 13566
185 415 13559
186 407 13755
187 412 13609
188 420 12764
189 410 13512
190 408 13151
191 412 13320
192 409 13370
193 392 14096
194 392 14194
195 408 13742
196 381 15017
197 409 13440
198 392 14515
199 387 14833
200 382 14958
201 392 14236
202 409 13630
203 397 13873
204 380 15254
205 388 14592
206 396 14418
207 391 14501
208 391 14739
209 393 14499
210 397 14041
211 402 13993
212 379 15174
213 394 14415
214 392 14336
215 401 13773
216 392 14429
217 386 14260
218 393 14443
219 402 14479
220 394 14894
221 393 14542
222 397 14373
223 391 14839
224 384 15127
225 403 14972
226 391 14750
227 392 14457
228 416 13943
229 397 14462
230 386 15075
231 407 13892
232 383 15337
233 403 13838
234 390 15091
235 401 14355
236 389 15034
237 381 15265
238 399 14787
239 406 13674
240 374 15576
241 402 14412
242 398 14455
243 398 14767
244 390 14807
245 395 14521
246 403 14262
247 388 15482
248 397 15043
249 376 15681
250 396 14501
251 391 14504
252 403 14491
253 389 14920
254 391 15230
255 391 14839
256 399 14609
257 391 15283
258 405 14727
259 392 14546
260 389 13389
261 398 13383
262 376 14707
263 390 13901
264 373 14101
265 364 15079
266 377 14291
267 371 14574
268 379 14671
269 369 14684
270 361 15439
271 370 14868
272 375 14089
273 368 14909
274 387 13856
275 383 13959
276 380 14237
277 399 13272
278 368 14602
279 390 13612
280 391 13869
281 389 13614
282 375 14176
283 380 14165
284 378 14174
285 378 14613
286 371 14622
287 388 13902
288 370 14676
289 374 14539
290 370 14739
291 377 14137
292 384 13963
293 379 14436
294 370 14537
295 365 15045
296 378 14612
297 375 14136
298 377 14338
299 363 14976
300 383 13810
301 372 14260
302 381 14091
303 372 14993
304 378 14090
305 384 14025
306 381 14197
307 357 15233
308 384 14078
309 361 14954
310 378 13955
311 377 14233
312 383 13705
313 390 13700
314 367 14758
315 397 13580
316 387 13653
317 382 14224
318 402 12694
319 370 14709
320 379 14286
321 393 13398
322 384 13673
323 389 13611
324 388 13813
325 372 14358
326 385 14965
327 391 14649
328 380 15119
329 393 14871
330 392 14883
331 393 14951
332 391 15054
333 383 15171
334 399 14503
335 397 14579
336 381 15128
337 394 14673
338 408 13524
339 405 13945
340 397 14353
341 411 13742
342 412 13294
343 418 13296
344 407 13991
345 408 13797
346 410 13587
347 401 14218
348 404 14105
349 406 14044
350 398 14211
351 413 13384
352 419 13130
353 422 13029
354 408 13689
355 394 14978
356 399 14007
357 392 14788
358 398 14516
359 385 14768
360 386 14476
361 389 14741
362 405 14354
363 387 14902
364 407 13845
365 402 14131
366 385 15271
367 397 14607
368 393 14323
369 400 14447
370 391 14916
371 405 13755
372 381 15185
373 402 14300
374 382 15068
375 408 13892
376 401 14007
377 396 14246
378 386 15207
379 391 14968
380 396 14806
381 388 14970
382 404 14198
383 397 14575
384 390 14860
385 388 14948
386 401 14297
387 412 13873
388 401 14107
389 400 14189
390 401 13863
391 397 14389
392 387 14928
393 406 13457
394 407 13926
395 393 14376
396 421 12866
397 415 13462
398 389 14962
399 397 14108
400 415 13356
401 409 13449
402 420 13063
403 417 12925
404 424 12882
405 423 12831
406 425 12671
407 413 13122
408 422 13153
409 405 13772
410 423 13047
411 418 12996
412 416 13544
413 417 13486
414 407 13745
415 405 14093
416 399 14102
417 408 13520
418 400 14468
419 402 13730
420 398 14141
421 409 13672
422 407 13801
423 402 13780
424 407 13708
425 410 13564
426 394 14320
427 408 13372
428 403 13807
429 411 13582
430 405 14079
431 398 14082
432 396 14417
433 410 13648
434 399 14277
435 406 13859
436 410 13673
437 407 13483
438 407 13905
439 395 14333
440 405 13945
441 376 15110
442 369 15097
443 393 13765
444 388 14217
445 400 13482
446 391 14110
447 387 14104
448 396 13706
449 386 15154
450 384 15093
451 400 14292
452 394 14821
453 403 14592
454 383 15604
455 403 14474
456 395 14442
457 398 14596
458 402 14336
459 396 14610
460 404 14375
461 411 13893
462 404 14116
463 412 14034
464 389 15356
465 400 14617
466 381 15273
467 404 14140
468 386 15135
469 418 13310
470 404 14045
471 408 14006
472 405 13876
473 394 14552
474 393 14281
475 403 13933
476 394 14819
477 406 14236
478 398 14852
479 387 15041
480 408 13964
481 384 15334
482 411 14161
483 418 13475
484 422 13049
485 412 14082
486 392 14945
487 398 14496
488 393 14978
489 385 15178
490 398 14971
491 402 14081
492 405 14086
493 401 14106
494 399 14575
495 411 14140
496 387 14835
497 376 15592
498 409 14429
499 380 15613
500 399 14600
501 397 14425
502 394 14168
503 400 14145
504 403 14149
505 391 15458
506 405 14454
507 392 14741
508 407 14136
509 387 15168
510 397 14773
511 396 14469
512 400 14586
513 381 15421
514 391 14821
515 392 15220
516 383 15242
517 399 14300
518 402 14573
519 386 15270
520 382 15586
521 387 14989
522 397 14805
523 383 15102
524 394 15020
525 386 15345
526 408 13960
527 385 15246
528 400 14649
529 398 14772
530 400 14502
531 390 14964
532 384 15132
533 397 14581
534 393 14460
535 408 14025
536 387 14795
537 405 14445
538 399 14336
539 410 14336
540 389 15221
541 389 15266
542 405 14237
543 395 14400
544 406 14167
545 392 14810
546 402 14383
547 383 15754
548 405 14235
549 399 15044
550 395 14817
551 397 14370
552 389 15023
553 398 14461
554 389 15184
555 388 15048
556 396 14645
557 383 15292
558 393 14749
559 398 14753
560 398 14697
561 400 14696
562 383 15148
563 390 14933
564 386 15109
565 406 14573
566 403 14461
567 402 14473
568 390 14809
569 390 15345
570 385 15079
571 396 14686
572 394 14984
573 404 14205
574 384 15085
575 404 14467
576 409 13967
577 386 15178
578 393 14779
579 407 14348
580 394 14636
581 386 14902
582 405 14306
583 402 14522
584 395 14706
585 393 14984
586 386 15189
587 377 15550
588 416 13472
589 396 14815
590 394 14811
591 410 14342
592 413 14227
593 393 14932
594 403 14217
595 401 14037
596 388 15291
597 398 14533
598 385 15034
599 392 14877
600 393 15107
601 403 14591
602 396 14715
603 391 14713
604 398 14722
605 406 14203
606 408 14367
607 394 15016
608 400 14452
609 406 13971
610 387 15195
611 411 14291
612 408 13809
613 378 15652
614 393 14633
615 390 15120
616 405 13790
617 386 15241
618 391 14937
619 396 14694
620 404 14223
621 394 14663
622 395 14624
623 377 15766
624 410 14400
625 402 14420
626 400 14222
627 393 14685
628 392 15386
629 392 15013
630 403 14721
631 402 14452
632 402 14323
633 391 14388
634 404 14290
635 400 14218
636 396 14837
637 391 14692
638 386 14977
639 399 14889
640 396 14747
641 386 15302
642 407 13933
643 389 15300
644 384 15352
645 388 15603
646 385 15242
647 407 14287
648 372 15988
649 400 14395
650 381 15220
651 397 14616
652 397 14746
653 399 14411
654 394 14598
655 384 15282
656 391 15130
657 402 14417
658 387 15250
659 404 14304
660 400 14509
661 400 14268
662 398 14650
663 400 14582
664 398 14292
665 400 14198
666 389 14818
667 378 15452
668 405 14107
669 379 15703
670 390 14567
671 400 14322
672 411 14107
673 406 14106
674 402 14286
675 399 14772
676 411 13919
677 406 13833
678 393 14845
679 388 15193
680 403 14396
681 384 15307
682 372 16034
683 404 14599
684 385 15301
685 396 15161
686 387 14902
687 371 16040
688 407 14045
689 400 14383
690 400 14693
691 387 14937
692 394 14897
693 384 14837
694 393 14772
695 382 15464
696 389 14761
697 388 15337
698 402 14238
699 402 14225
700 361 16217
701 388 15218
702 398 14639
703 394 14943
704 403 14582
705 401 14352
706 381 15496
707 405 14497
708 396 14668
709 395 14629
710 401 14711
711 401 14518
712 387 15331
713 393 14681
714 385 15123
715 403 14207
716 383 15122
717 394 15102
718 389 15248
719 397 14385
720 377 15767
721 401 14626
722 389 14827
723 401 14459
724 396 14881
725 390 14807
726 392 14896
727 399 14557
728 386 15008
729 390 14787
730 399 14657
731 401 14322
732 400 14239
733 407 14368
734 389 15298
735 406 13982
736 382 14997
737 395 14800
738 404 14003
739 395 14837
740 402 14405
741 388 14979
742 398 14498
743 380 15424
744 382 14963
745 381 15223
746 400 14619
747 409 13933
748 398 14936
749 404 14138
750 389 14941
751 394 14392
752 406 14646
753 405 14299
754 409 14234
755 400 14527
756 391 14836
757 383 15781
758 381 15496
759 393 14657
760 369 16088
761 404 14243
762 392 14923
763 376 15835
764 402 14104
765 387 15133
766 378 15885
767 394 14702
768 386 15068
769 386 15352
770 410 14344
771 395 14598
772 395 14749
773 384 15370
774 391 15164
775 384 15040
776 400 14746
777 392 14545
778 390 14832
779 389 14956
780 378 15904
781 404 13970
782 379 15477
783 407 14137
784 402 14915
785 369 16132
786 416 13507
787 376 15909
788 392 14829
789 372 15982
790 398 14721
791 389 14970
792 406 14222
793 394 14767
794 387 15168
795 404 14342
796 402 14268
797 399 14732
798 406 14095
799 392 14811
800 389 15040
801 407 14007
802 380 15583
803 409 14125
804 387 15087
805 387 15132
806 391 14893
807 382 15158
808 410 13771
809 396 14522
810 378 15697
811 395 14758
812 405 14393
813 374 15871
814 400 14565
815 391 14853
816 388 15032
817 404 14271
818 371 15714
819 386 15214
820 399 14411
821 373 15707
822 397 14700
823 399 14570
824 389 14969
825 398 14680
826 398 14935
827 402 14463
828 407 13957
829 405 14559
830 406 14194
831 392 14441
832 400 14615
833 382 15015
834 396 14639
835 384 15188
836 398 14818
837 391 14729
838 418 13779
839 411 13746
840 407 14167
841 392 14826
842 407 14254
843 413 13937
844 367 16096
845 391 14907
846 383 15057
847 398 14762
848 401 14457
849 392 15093
850 394 14733
851 404 14374
852 390 14755
853 401 14679
854 379 15445
855 408 14138
856 383 15006
857 398 14530
858 389 14733
859 399 14495
860 386 15529
861 398 14679
862 407 14171
863 396 14684
864 390 14890
865 389 14938
866 392 15013
867 395 14850
868 407 14431
869 391 14793
870 395 14638
871 382 15361
872 382 15523
873 398 14347
874 404 14395
875 399 14762
876 392 14869
877 385 15374
878 395 14491
879 384 15056
880 382 15185
881 389 15359
882 400 14592
883 391 14713
884 381 15099
885 390 14910
886 408 14259
887 398 14709
888 395 14621
889 387 14873
890 400 14448
891 383 15721
892 366 16098
893 380 15539
894 379 15781
895 396 14728
896 381 15285
897 385 15321
898 395 14607
899 403 14236
900 398 14368
901 399 14493
902 405 14057
903 395 14758
904 402 14445
905 395 14445
906 402 14361
907 401 14535
908 404 14087
909 385 14976
910 398 14946
911 399 14486
912 400 14248
913 381 15503
914 395 14954
915 372 15961
916 381 15451
917 380 15401
918 403 14386
919 404 14413
920 377 15645
921 400 14608
922 404 14180
923 393 14696
924 392 14947
925 399 14723
926 412 14143
927 392 14741
928 411 13867
929 392 14972
930 398 14328
931 381 15469
932 392 14524
933 378 15692
934 389 15051
935 364 16005
936 388 15123
937 395 14669
938 385 15054
939 383 15325
940 391 15044
941 377 15541
942 403 14405
943 404 14248
944 395 14570
945 405 14468
946 406 14170
947 395 14537
948 397 14810
949 398 14737
950 407 14186
951 379 15187
952 398 14731
953 405 14063
954 394 14549
955 416 13552
956 398 14903
957 394 14614
958 392 14814
959 389 14924
960 376 15715
961 391 15103
962 367 16062
963 396 14819
964 407 14184
965 399 14484
966 396 14669
967 405 14431
968 403 14599
969 384 15109
970 392 14671
971 379 15396
972 388 15112
973 401 14513
974 362 15979
975 409 14306
976 387 14963
977 396 14525
978 386 15169
979 383 15305
980 399 14690
981 378 15657
982 398 14312
983 412 14099
984 395 14937
985 412 14331
986 407 14295
987 372 15868
988 394 14661
989 380 15387
990 399 14585
991 397 14495
992 379 15506
993 396 14504
994 398 14506
995 394 14785
996 402 14253
997 393 14829
998 387 15165
999 428 12823
1000 387 15163
