1 371 16232
2 386 15154
3 385 15394
4 403 14184
5 384 15406
6 385 15058
7 389 15101
8 393 15042
9 387 15169
10 397 15005
11 398 14833
12 395 14745
13 405 13979
14 391 14855
15 407 14240
16 398 14594
17 406 13930
18 394 14776
19 389 14995
20 408 14076
21 389 14706
22 421 13515
23 411 13793
24 410 14022
25 407 14084
26 407 14140
27 397 14903
28 402 14325
29 404 14202
30 385 15103
31 409 13886
32 412 13776
33 404 14474
34 406 13687
35 410 14087
36 410 13816
37 399 14362
38 413 13348
39 396 14417
40 407 13957
41 411 13821
42 409 13658
43 416 13541
44 410 13634
45 429 12653
46 415 13208
47 397 14613
48 434 12679
49 436 12765
50 434 12523
51 422 13272
52 436 12665
53 406 13890
54 431 12743
55 443 12436
56 430 12707
57 428 12833
58 436 12248
59 419 13589
60 414 13663
61 420 13496
62 400 14391
63 415 13887
64 396 14793
65 417 13584
66 394 14764
67 400 14217
68 411 13832
69 389 15141
70 396 14606
71 415 13669
72 409 14235
73 397 14540
74 396 14626
75 400 14530
76 387 14846
77 389 14903
78 397 14528
79 374 15972
80 392 14851
81 385 15188
82 401 14284
83 381 15239
84 410 13857
85 386 15303
86 407 14186
87 386 15091
88 396 14423
89 396 14788
90 381 15552
91 394 14372
92 396 14863
93 378 15436
94 385 16039
95 384 14827
96 367 16028
97 396 14670
98 378 15762
99 435 12012
100 384 15443
1 368 16082
2 407 13926
3 405 13939
4 396 14461
5 393 14552
6 390 14558
7 391 14683
8 395 14545
9 396 14271
10 405 14123
11 410 13785
12 404 14043
13 395 14392
14 386 14644
15 401 14192
16 373 15236
17 422 13553
18 388 14495
19 392 14573
20 376 15501
21 402 14053
22 378 15267
23 385 14813
24 379 15636
25 388 14770
26 388 14626
27 395 14358
28 388 14515
29 374 15845
30 373 15647
31 396 14331
32 399 14245
33 386 14640
34 400 14304
35 388 14452
36 375 15435
37 376 15427
38 394 14503
39 403 13964
40 379 14887
41 399 14359
42 386 15298
43 395 14282
44 388 14722
45 389 14430
46 392 14878
47 368 16031
48 399 14397
49 385 15113
50 376 15079
51 391 14743
52 389 14551
53 397 14197
54 376 15217
55 381 14817
56 396 14495
57 374 15581
58 398 14094
59 398 14402
60 373 15609
61 379 15281
62 393 14397
63 380 14717
64 394 14126
65 389 14990
66 377 15218
67 399 14279
68 386 14944
69 380 14826
70 395 14211
71 380 15022
72 395 14477
73 399 14346
74 398 14450
75 392 14449
76 375 15536
77 389 14826
78 384 15044
79 382 14912
80 374 15188
81 388 14608
82 378 15073
83 372 15248
84 401 13924
85 401 13922
86 380 15572
87 391 14219
88 384 15168
89 395 14492
90 389 14697
91 397 14126
92 408 14097
93 392 14740
94 401 14200
95 384 15076
96 385 14875
97 391 14615
98 391 14546
99 427 12009
100 370 15156
1 359 15930
2 378 14328
3 388 14143
4 390 14004
5 383 14078
6 388 13888
7 380 14277
8 384 14054
9 384 14000
10 373 14380
11 387 13965
12 362 15271
13 394 13819
14 360 15202
15 376 14257
16 392 13975
17 384 14048
18 364 14984
19 367 14682
20 379 14551
21 358 15580
22 389 14006
23 368 14777
24 385 14043
25 368 15074
26 384 14243
27 368 14842
28 388 13941
29 390 13679
30 397 13479
31 389 14002
32 401 13608
33 397 13650
34 368 15203
35 388 14100
36 381 14381
37 362 15095
38 387 13747
39 366 15392
40 384 14053
41 379 14266
42 383 14044
43 382 14172
44 382 14096
45 378 14247
46 375 14642
47 372 14746
48 389 13719
49 374 14975
50 394 13543
51 372 14834
52 380 14241
53 387 13853
54 380 14396
55 381 14091
56 386 13723
57 377 14337
58 387 14186
59 385 14233
60 382 14362
61 403 12821
62 384 13889
63 399 13298
64 396 13459
65 374 14352
66 378 14252
67 359 15337
68 372 14553
69 380 14468
70 385 14076
71 376 14541
72 375 14370
73 388 13940
74 385 14148
75 371 14669
76 366 15006
77 382 14407
78 375 14494
79 382 14403
80 388 13872
81 397 13520
82 359 15100
83 396 13658
84 365 15075
85 395 13338
86 385 14305
87 381 14016
88 396 13416
89 393 13399
90 363 15375
91 396 13290
92 371 14440
93 374 14491
94 383 14125
95 384 14175
96 380 14862
97 383 14277
98 394 13454
99 408 12092
100 369 14989
