1 345 233
2 320 171
3 348 155
4 311 199
5 340 191
6 323 182
7 324 161
8 327 180
9 330 181
10 327 195
11 329 193
12 321 200
13 335 197
14 337 175
15 320 208
16 325 154
17 316 189
18 325 169
19 318 192
20 328 183
21 326 141
22 318 157
23 331 155
24 313 198
25 333 161
26 315 170
27 329 189
28 326 189
29 327 191
30 322 188
31 337 194
32 323 191
33 334 177
34 337 170
35 328 183
36 333 153
37 327 152
38 341 145
39 331 146
40 337 154
41 334 159
42 338 151
43 327 158
44 333 197
45 332 176
46 326 158
47 332 183
48 332 170
49 325 156
50 324 196
51 313 158
52 341 149
53 317 138
54 340 189
55 321 200
56 331 164
57 350 155
58 310 189
59 343 186
60 318 193
61 332 159
62 327 172
63 329 161
64 322 189
65 341 189
66 329 156
67 328 175
68 316 191
69 336 152
70 330 166
71 327 174
72 332 143
73 323 176
74 325 179
75 337 168
76 334 170
77 336 172
78 340 171
79 321 180
80 326 162
81 335 176
82 308 180
83 337 168
84 331 151
85 312 186
86 339 158
87 310 193
88 342 165
89 319 196
90 326 156
91 317 195
92 334 159
93 318 196
94 331 180
95 332 171
96 319 177
97 337 167
98 328 163
99 340 177
100 323 183
101 337 171
102 330 188
103 329 176
104 336 160
105 336 161
106 327 177
107 324 154
108 318 197
109 333 172
110 322 190
111 332 152
112 332 175
113 331 169
114 336 151
115 333 149
116 329 162
117 321 193
118 332 172
119 327 177
120 323 191
121 354 137
122 317 182
123 347 142
124 323 157
125 322 194
126 323 177
127 329 178
128 327 183
129 330 157
130 330 182
131 329 183
132 320 168
133 341 164
134 319 178
135 343 171
136 321 176
137 337 174
138 316 174
139 324 186
140 332 180
141 322 181
142 327 185
143 333 166
144 301 183
145 344 160
146 326 162
147 317 196
148 331 182
149 324 177
150 329 185
151 321 180
152 330 163
153 327 178
154 335 184
155 317 187
156 328 181
157 326 178
158 341 161
159 318 188
160 334 173
161 337 180
162 337 170
163 322 189
164 326 194
165 325 158
166 327 189
167 322 180
168 349 155
169 305 187
170 334 176
171 315 199
172 331 156
173 331 181
174 323 180
175 336 150
176 337 166
177 334 179
178 315 184
179 328 169
180 317 187
181 335 175
182 348 147
183 325 171
184 358 141
185 333 156
186 345 161
187 328 180
188 346 183
189 332 159
190 338 146
191 324 179
192 335 146
193 344 148
194 333 181
195 335 186
196 321 181
197 347 178
198 335 175
199 340 180
200 340 150
201 326 163
202 330 182
203 339 157
204 313 185
205 341 142
206 338 169
207 329 171
208 343 156
209 331 164
210 334 174
211 334 169
212 351 141
213 302 199
214 356 151
215 320 203
216 347 141
217 323 183
218 347 181
219 343 177
220 336 174
221 342 147
222 321 188
223 357 145
224 319 163
225 348 178
226 327 166
227 333 173
228 324 200
229 342 198
230 328 177
231 338 171
232 325 192
233 351 163
234 328 153
235 314 191
236 348 178
237 333 190
238 332 167
239 339 188
240 330 185
241 347 155
242 328 190
243 350 168
244 332 172
245 328 197
246 354 164
247 326 175
248 336 162
249 315 192
250 352 165
251 333 148
252 338 148
253 341 184
254 330 173
255 327 181
256 329 164
257 337 158
258 336 168
259 343 149
260 324 196
261 345 178
262 326 163
263 351 148
264 310 206
265 346 173
266 321 161
267 348 187
268 325 201
269 352 175
270 336 175
271 331 181
272 344 171
273 332 186
274 333 177
275 340 190
276 340 162
277 342 173
278 330 176
279 348 165
280 336 156
281 344 158
282 337 185
283 334 179
284 331 173
285 330 172
286 327 162
287 336 174
288 340 178
289 332 191
290 330 173
291 362 162
292 327 202
293 342 182
294 322 187
295 346 167
296 339 176
297 325 186
298 340 183
299 331 170
300 351 172
301 322 171
302 333 164
303 332 188
304 338 181
305 334 169
306 350 170
307 316 141
308 332 181
309 331 172
310 331 189
311 335 163
312 330 175
313 340 165
314 325 180
315 343 150
316 335 179
317 331 185
318 352 176
319 316 204
320 352 183
321 350 164
322 325 178
323 348 159
324 339 177
325 363 153
326 343 178
327 355 154
328 344 182
329 328 197
330 345 156
331 345 168
332 334 177
333 361 156
334 340 176
335 339 182
336 357 175
337 347 178
338 339 184
339 347 187
340 341 185
341 326 187
342 366 153
343 325 178
344 342 190
345 345 177
346 355 156
347 332 170
348 356 163
349 332 197
350 349 172
351 331 187
352 362 158
353 325 186
354 347 172
355 351 155
356 354 145
357 333 178
358 342 179
359 352 164
360 344 169
361 350 171
362 337 176
363 329 169
364 344 169
365 361 162
366 341 169
367 345 148
368 323 182
369 349 167
370 333 181
371 352 160
372 336 172
373 343 169
374 339 189
375 337 176
376 330 177
377 347 148
378 336 169
379 343 189
380 359 162
381 340 180
382 339 184
383 341 172
384 336 168
385 349 177
386 356 189
387 343 170
388 329 168
389 339 171
390 343 171
391 340 192
392 355 155
393 336 181
394 349 171
395 316 160
396 356 167
397 331 183
398 360 181
399 325 185
400 352 169
401 335 171
402 334 189
403 348 184
404 342 170
405 340 188
406 356 162
407 340 183
408 364 167
409 341 178
410 377 168
411 365 165
412 349 177
413 353 177
414 357 186
415 344 201
416 365 169
417 344 180
418 380 158
419 336 182
420 364 173
421 342 187
422 366 176
423 342 195
424 364 174
425 346 177
426 359 166
427 357 174
428 348 206
429 360 179
430 359 180
431 360 150
432 357 171
433 368 172
434 344 194
435 355 201
436 351 172
437 348 182
438 350 176
439 356 176
440 356 167
441 336 189
442 371 178
443 350 186
444 347 180
445 362 180
446 356 178
447 358 176
448 371 154
449 350 188
450 365 151
451 333 195
452 352 181
453 364 167
454 361 170
455 372 175
456 358 162
457 350 174
458 351 179
459 349 177
460 377 144
461 354 175
462 361 163
463 350 167
464 362 162
465 328 196
466 379 157
467 345 181
468 377 179
469 355 173
470 347 170
471 354 179
472 370 154
473 341 184
474 364 173
475 351 168
476 355 176
477 352 165
478 360 177
479 341 203
480 353 186
481 357 176
482 367 181
483 348 183
484 359 193
485 356 184
486 346 189
487 363 172
488 341 196
489 352 168
490 343 205
491 359 155
492 366 174
493 347 168
494 344 200
495 353 173
496 354 172
497 362 161
498 360 175
499 343 183
500 361 187
501 340 194
502 362 185
503 340 155
504 361 195
505 353 183
506 373 178
507 340 190
508 351 174
509 370 147
510 344 170
511 345 203
512 365 172
513 352 162
514 364 168
515 355 176
516 352 175
517 358 180
518 340 191
519 374 181
520 343 190
521 360 178
522 342 145
523 328 147
524 344 134
525 311 181
526 342 159
527 320 165
528 341 204
529 323 182
530 346 152
531 324 177
532 329 153
533 333 173
534 327 171
535 334 182
536 345 162
537 322 177
538 353 158
539 327 177
540 334 143
541 337 170
542 337 170
543 337 176
544 330 169
545 335 176
546 333 164
547 331 155
548 337 148
549 341 147
550 319 183
551 351 149
552 324 176
553 333 180
554 322 195
555 341 179
556 319 191
557 341 173
558 350 158
559 335 175
560 331 198
561 341 166
562 335 169
563 332 178
564 333 158
565 325 172
566 333 154
567 330 171
568 335 156
569 322 172
570 344 154
571 332 173
572 331 154
573 324 203
574 345 170
575 323 161
576 343 162
577 332 186
578 335 184
579 341 172
580 344 162
581 338 173
582 339 173
583 337 172
584 342 181
585 343 158
586 332 175
587 348 165
588 341 167
589 335 163
590 337 160
591 349 136
592 326 173
593 331 174
594 335 181
595 341 148
596 342 150
597 331 154
598 344 166
599 332 181
600 328 178
601 338 162
602 336 172
603 328 195
604 330 168
605 349 165
606 321 175
607 349 147
608 334 176
609 334 180
610 348 166
611 323 166
612 344 179
613 345 180
614 341 166
615 329 168
616 334 161
617 336 186
618 335 170
619 348 178
620 332 179
621 338 175
622 339 182
623 338 173
624 315 185
625 344 174
626 329 158
627 336 180
628 331 175
629 339 171
630 333 163
631 356 159
632 335 172
633 343 164
634 327 189
635 331 165
636 345 159
637 333 166
638 346 173
639 319 198
640 334 188
641 330 175
642 329 187
643 341 179
644 337 173
645 343 164
646 340 121
647 332 193
648 339 162
649 325 188
650 348 156
651 316 198
652 346 172
653 316 194
654 334 156
655 332 168
656 333 186
657 341 195
658 344 164
659 328 184
660 339 169
661 335 174
662 345 166
663 324 201
664 344 170
665 323 183
666 339 153
667 324 189
668 346 180
669 332 183
670 342 169
671 339 184
672 344 155
673 327 193
674 345 188
675 333 167
676 336 176
677 339 165
678 327 195
679 336 160
680 335 168
681 337 173
682 340 179
683 344 156
684 338 179
685 320 203
686 340 161
687 328 191
688 340 156
689 342 173
690 320 183
691 346 196
692 332 181
693 345 174
694 324 168
695 341 172
696 338 168
697 336 173
698 335 207
699 325 172
700 354 163
701 324 163
702 329 186
703 336 180
704 340 165
705 327 175
706 350 175
707 329 185
708 342 181
709 352 153
710 319 203
711 336 167
712 326 182
713 343 183
714 327 175
715 348 154
716 326 178
717 341 164
718 328 181
719 352 179
720 323 177
721 338 150
722 327 194
723 340 165
724 319 186
725 341 198
726 322 180
727 342 153
728 344 165
729 327 187
730 341 164
731 320 181
732 346 166
733 349 161
734 330 181
735 329 173
736 325 197
737 335 181
738 351 173
739 332 184
740 344 159
741 335 171
742 336 196
743 336 190
744 344 175
745 333 176
746 332 180
747 332 174
748 333 193
749 338 184
750 328 187
751 343 158
752 308 178
753 345 163
754 312 199
755 339 178
756 321 181
757 334 182
758 345 179
759 329 174
760 333 182
761 330 173
762 336 175
763 328 179
764 344 182
765 329 177
766 339 182
767 328 184
768 332 160
769 325 199
770 350 164
771 329 176
772 334 190
773 342 174
774 335 180
775 340 179
776 335 176
777 344 184
778 331 173
779 339 170
780 322 178
781 334 179
782 302 193
783 352 164
784 320 164
785 351 170
786 335 177
787 349 163
788 313 192
789 357 164
790 313 186
791 348 174
792 330 181
793 341 172
794 329 185
795 339 161
796 318 172
797 333 164
798 331 158
799 342 168
800 334 180
801 329 181
802 341 173
803 337 180
804 325 190
805 338 172
806 331 199
807 326 181
808 334 163
809 351 170
810 320 178
811 347 179
812 334 177
813 333 149
814 336 165
815 331 165
816 344 172
817 326 184
818 340 180
819 330 171
820 344 157
821 324 177
822 356 173
823 323 181
824 332 174
825 347 155
826 324 177
827 332 150
828 340 173
829 335 169
830 349 166
831 319 161
832 352 159
833 315 174
834 347 161
835 336 157
836 329 165
837 336 167
838 324 174
839 340 149
840 319 185
841 354 150
842 347 148
843 305 201
844 357 132
845 320 164
846 344 170
847 341 165
848 334 141
849 335 170
850 333 171
851 327 173
852 332 169
853 328 181
854 322 178
855 343 149
856 313 177
857 335 182
858 325 169
859 343 160
860 304 181
861 342 166
862 307 174
863 342 166
864 334 170
865 324 176
866 339 164
867 335 163
868 338 182
869 330 174
870 333 140
871 326 171
872 340 146
873 315 178
874 332 158
875 331 159
876 337 184
877 335 159
878 334 171
879 334 171
880 325 187
881 340 165
882 326 182
883 331 192
884 327 166
885 340 178
886 328 184
887 333 151
888 332 174
889 344 152
890 339 173
891 329 157
892 340 172
893 333 179
894 340 187
895 328 184
896 335 159
897 340 152
898 330 175
899 335 162
900 334 163
901 327 183
902 342 162
903 338 168
904 319 170
905 350 161
906 317 205
907 341 148
908 326 155
909 340 171
910 335 171
911 325 170
912 331 190
913 345 172
914 325 181
915 343 169
916 327 176
917 340 181
918 323 164
919 339 157
920 334 159
921 318 198
922 324 165
923 336 157
924 333 152
925 325 182
926 345 170
927 318 179
928 354 126
929 295 186
930 355 124
931 312 176
932 336 171
933 333 170
934 335 171
935 309 190
936 336 163
937 322 174
938 328 164
939 328 174
940 330 157
941 329 182
942 327 190
943 316 181
944 345 163
945 324 190
946 335 151
947 334 158
948 328 183
949 332 180
950 320 159
951 336 171
952 322 162
953 337 163
954 331 173
955 343 160
956 326 153
957 333 176
958 325 175
959 340 165
960 330 177
961 331 174
962 327 184
963 341 161
964 324 178
965 324 154
966 339 165
967 330 149
968 321 186
969 321 173
970 337 142
971 330 176
972 338 182
973 333 162
974 326 167
975 339 167
976 323 171
977 337 164
978 323 151
979 341 170
980 331 164
981 345 157
982 320 191
983 346 149
984 321 175
985 339 166
986 323 175
987 335 188
988 322 163
989 333 153
990 341 151
991 319 188
992 336 152
993 319 181
994 351 153
995 350 162
996 326 177
997 336 155
998 310 189
999 330 176
1000 313 177
1 361 219
2 345 269
3 350 209
4 352 193
5 344 204
6 356 194
7 338 218
8 372 185
9 342 231
10 375 196
11 344 182
12 359 154
13 345 159
14 366 154
15 338 158
16 351 188
17 345 187
18 344 193
19 345 168
20 348 198
21 349 182
22 358 155
23 347 152
24 351 143
25 342 164
26 348 168
27 352 182
28 358 171
29 335 211
30 359 165
31 355 186
32 335 188
33 352 177
34 342 187
35 356 184
36 347 178
37 348 164
38 360 164
39 341 188
40 353 157
41 352 187
42 363 161
43 352 168
44 326 193
45 361 157
46 342 205
47 354 178
48 346 198
49 359 177
50 352 161
51 344 180
52 348 200
53 356 165
54 339 171
55 365 178
56 353 185
57 342 195
58 350 155
59 348 217
60 348 166
61 349 178
62 354 182
63 349 168
64 355 178
65 356 183
66 355 164
67 344 156
68 350 183
69 345 176
70 337 192
71 344 179
72 349 173
73 348 151
74 351 160
75 342 190
76 357 167
77 348 180
78 358 158
79 346 179
80 362 167
81 336 185
82 348 177
83 351 187
84 342 192
85 357 141
86 335 207
87 360 172
88 351 168
89 341 193
90 355 186
91 353 167
92 355 179
93 344 204
94 361 169
95 329 194
96 359 169
97 337 204
98 351 184
99 335 183
100 350 161
101 344 187
102 350 187
103 347 180
104 353 180
105 340 155
106 346 145
107 336 169
108 359 174
109 350 195
110 330 205
111 349 163
112 348 186
113 347 181
114 346 166
115 336 193
116 339 178
117 348 199
118 341 184
119 358 153
120 324 177
121 351 156
122 344 174
123 352 168
124 340 176
125 360 169
126 331 187
127 360 180
128 337 192
129 343 178
130 343 181
131 349 182
132 341 160
133 355 177
134 344 199
135 345 189
136 341 213
137 354 172
138 340 186
139 352 183
140 341 174
141 342 200
142 359 171
143 330 193
144 360 187
145 343 181
146 352 168
147 344 161
148 353 174
149 345 182
150 363 179
151 332 211
152 359 175
153 337 186
154 364 154
155 334 191
156 347 184
157 354 200
158 347 184
159 347 184
160 333 208
161 357 158
162 339 183
163 344 170
164 362 164
165 347 165
166 338 188
167 364 162
168 351 185
169 352 185
170 339 174
171 350 158
172 351 180
173 345 185
174 349 193
175 346 172
176 354 175
177 345 182
178 351 165
179 355 170
180 346 187
181 350 180
182 338 184
183 352 180
184 353 170
185 362 163
186 343 162
187 345 193
188 344 194
189 353 168
190 321 189
191 347 184
192 345 177
193 352 172
194 349 183
195 345 174
196 352 183
197 354 169
198 346 162
199 358 165
200 351 175
201 346 183
202 345 180
203 360 177
204 352 174
205 344 169
206 333 182
207 346 165
208 340 186
209 353 194
210 329 194
211 351 177
212 349 180
213 353 183
214 355 170
215 342 170
216 345 156
217 335 165
218 332 189
219 332 152
220 341 156
221 334 166
222 341 149
223 339 161
224 337 178
225 332 176
226 339 157
227 343 167
228 346 168
229 343 183
230 331 172
231 338 179
232 338 177
233 332 180
234 347 164
235 333 169
236 341 149
237 329 174
238 346 171
239 350 160
240 344 158
241 332 165
242 332 171
243 342 171
244 332 172
245 344 175
246 332 157
247 334 161
248 350 151
249 327 174
250 346 170
251 329 168
252 345 160
253 333 164
254 346 136
255 335 167
256 345 145
257 348 157
258 318 185
259 341 151
260 351 148
261 328 171
262 345 168
263 339 165
264 344 150
265 334 149
266 328 170
267 349 173
268 323 166
269 344 157
270 308 175
271 340 157
272 351 151
273 348 140
274 344 141
275 339 168
276 329 168
277 330 151
278 345 166
279 316 172
280 346 155
281 321 156
282 335 161
283 336 166
284 322 158
285 332 183
286 329 156
287 351 158
288 336 163
289 329 167
290 344 155
291 322 195
292 339 154
293 341 159
294 334 140
295 325 158
296 347 160
297 341 150
298 340 156
299 342 156
300 344 152
301 322 178
302 341 171
303 339 160
304 326 165
305 335 165
306 324 173
307 342 196
308 332 170
309 349 162
310 329 165
311 344 164
312 325 150
313 339 159
314 328 172
315 331 161
316 339 168
317 332 175
318 338 194
319 326 174
320 337 143
321 345 154
322 332 164
323 335 184
324 340 160
325 327 166
326 334 166
327 330 179
328 334 144
329 318 198
330 344 173
331 324 184
332 338 156
333 333 162
334 338 173
335 322 204
336 326 158
337 348 162
338 325 165
339 337 154
340 333 162
341 315 174
342 346 162
343 331 173
344 342 150
345 329 164
346 334 181
347 332 188
348 334 198
349 331 155
350 333 163
351 342 157
352 334 176
353 347 149
354 343 145
355 346 162
356 331 156
357 343 185
358 322 187
359 348 160
360 335 175
361 333 182
362 333 151
363 342 162
364 328 191
365 348 162
366 314 183
367 352 150
368 343 186
369 335 182
370 340 185
371 337 195
372 331 167
373 341 189
374 336 166
375 340 194
376 341 162
377 337 187
378 335 142
379 345 152
380 339 171
381 339 173
382 350 152
383 332 157
384 349 150
385 328 171
386 325 195
387 333 144
388 320 177
389 347 142
390 315 199
391 365 148
392 306 184
393 370 159
394 306 199
395 343 171
396 322 194
397 353 159
398 332 187
399 344 157
400 325 173
401 351 181
402 340 157
403 347 152
404 327 188
405 333 196
406 342 160
407 325 201
408 335 168
409 327 170
410 347 145
411 324 200
412 338 160
413 339 177
414 341 176
415 341 171
416 339 183
417 347 188
418 325 166
419 326 167
420 342 166
421 334 163
422 332 188
423 330 188
424 349 164
425 336 190
426 327 174
427 351 177
428 329 192
429 344 191
430 335 140
431 329 181
432 365 136
433 308 197
434 358 153
435 328 187
436 335 172
437 343 186
438 323 188
439 346 153
440 325 177
441 327 178
442 339 179
443 344 170
444 329 158
445 334 169
446 331 191
447 334 159
448 335 158
449 331 165
450 334 191
451 344 188
452 333 178
453 342 176
454 323 196
455 341 164
456 324 185
457 342 172
458 343 181
459 336 178
460 332 170
461 350 156
462 340 175
463 336 159
464 347 164
465 326 183
466 348 166
467 340 180
468 340 164
469 329 196
470 347 184
471 347 177
472 334 167
473 349 180
474 337 185
475 333 171
476 335 169
477 340 171
478 346 179
479 331 177
480 347 173
481 345 160
482 326 167
483 346 185
484 337 186
485 327 157
486 341 160
487 325 179
488 340 164
489 337 179
490 336 170
491 352 166
492 327 170
493 344 153
494 336 188
495 330 181
496 333 173
497 347 181
498 329 179
499 349 163
500 314 194
501 343 172
502 341 172
503 349 154
504 328 173
505 344 192
506 331 161
507 334 180
508 346 179
509 332 186
510 339 176
511 336 186
512 330 172
513 341 193
514 342 170
515 335 185
516 335 170
517 348 186
518 325 182
519 341 156
520 344 157
521 320 185
522 343 173
523 324 182
524 347 166
525 337 176
526 324 181
527 365 152
528 308 208
529 366 146
530 325 180
531 338 167
532 321 177
533 351 160
534 336 146
535 333 166
536 349 170
537 333 175
538 351 158
539 338 171
540 337 166
541 327 155
542 338 188
543 331 171
544 333 177
545 336 150
546 335 142
547 340 152
548 323 179
549 341 154
550 325 155
551 343 140
552 320 169
553 343 147
554 329 195
555 330 150
556 339 151
557 325 160
558 340 168
559 330 173
560 336 161
561 325 178
562 342 172
563 337 170
564 338 170
565 323 145
566 321 191
567 340 153
568 342 160
569 325 143
570 346 187
571 322 157
572 331 168
573 334 184
574 324 151
575 328 146
576 347 166
577 325 181
578 333 162
579 320 187
580 332 148
581 330 160
582 330 171
583 334 170
584 344 153
585 327 185
586 344 165
587 329 155
588 338 165
589 329 178
590 342 155
591 324 179
592 326 182
593 321 167
594 335 170
595 324 162
596 338 173
597 325 153
598 335 180
599 340 176
600 306 196
601 337 138
602 319 190
603 335 163
604 336 175
605 340 152
606 326 170
607 341 161
608 332 177
609 340 161
610 333 158
611 333 178
612 347 174
613 332 165
614 335 172
615 326 173
616 336 158
617 326 142
618 340 167
619 343 177
620 332 175
621 343 154
622 322 177
623 341 180
624 334 145
625 355 156
626 326 173
627 335 157
628 340 166
629 322 173
630 334 155
631 332 175
632 336 164
633 337 168
634 320 171
635 335 152
636 323 173
637 338 155
638 340 170
639 320 177
640 351 157
641 342 163
642 333 157
643 353 138
644 319 185
645 355 144
646 316 164
647 335 174
648 334 152
649 327 177
650 350 162
651 334 179
652 334 170
653 345 175
654 346 178
655 328 171
656 329 175
657 342 138
658 332 172
659 337 194
660 322 174
661 348 147
662 317 180
663 371 134
664 305 197
665 350 159
666 322 187
667 336 109
668 327 149
669 328 188
670 326 139
671 341 161
672 334 163
673 333 159
674 335 139
675 342 145
676 348 143
677 330 156
678 347 148
679 330 158
680 352 144
681 335 165
682 329 171
683 340 191
684 315 174
685 335 168
686 325 177
687 338 175
688 315 176
689 341 157
690 321 182
691 333 191
692 338 154
693 340 137
694 354 168
695 340 168
696 334 158
697 329 194
698 334 195
699 339 162
700 333 153
701 334 162
702 354 169
703 332 174
704 334 168
705 336 157
706 339 167
707 329 153
708 344 163
709 339 188
710 327 185
711 327 170
712 335 159
713 331 161
714 339 153
715 320 200
716 347 155
717 321 185
718 329 185
719 339 148
720 331 167
721 344 162
722 346 139
723 313 187
724 351 161
725 323 171
726 333 184
727 348 179
728 319 159
729 335 163
730 326 165
731 338 161
732 328 172
733 339 171
734 331 184
735 347 160
736 338 172
737 322 151
738 342 169
739 326 171
740 335 185
741 338 175
742 329 183
743 343 168
744 324 183
745 338 162
746 328 163
747 337 172
748 319 184
749 340 155
750 329 176
751 328 180
752 319 189
753 356 147
754 324 177
755 337 174
756 337 168
757 337 159
758 323 153
759 328 172
760 339 161
761 341 145
762 333 142
763 343 158
764 333 169
765 345 155
766 323 175
767 332 172
768 351 155
769 328 180
770 348 146
771 330 201
772 337 167
773 322 165
774 342 178
775 321 188
776 352 169
777 304 187
778 342 152
779 325 172
780 330 196
781 339 189
782 318 184
783 343 178
784 318 155
785 338 145
786 327 156
787 345 161
788 332 147
789 340 152
790 325 170
791 333 175
792 319 168
793 347 146
794 343 149
795 341 170
796 334 168
797 329 192
798 348 157
799 325 176
800 335 173
801 349 150
802 336 153
803 344 181
804 332 162
805 342 173
806 338 166
807 332 166
808 335 165
809 359 130
810 325 165
811 345 159
812 334 161
813 329 156
814 329 187
815 328 183
816 326 169
817 339 179
818 332 168
819 336 151
820 333 157
821 340 149
822 323 174
823 332 164
824 340 169
825 328 159
826 334 149
827 329 169
828 336 153
829 335 152
830 329 168
831 338 170
832 334 171
833 355 159
834 329 169
835 346 166
836 330 179
837 337 191
838 333 179
839 335 187
840 331 159
841 328 179
842 344 153
843 330 179
844 342 154
845 327 163
846 326 186
847 327 173
848 325 178
849 346 157
850 329 168
851 332 140
852 347 162
853 324 174
854 331 169
855 325 145
856 327 191
857 332 195
858 334 147
859 333 174
860 329 193
861 347 174
862 334 183
863 339 166
864 352 157
865 325 180
866 334 172
867 327 175
868 327 182
869 329 169
870 344 157
871 321 186
872 345 171
873 333 173
874 338 156
875 335 146
876 333 185
877 339 158
878 338 167
879 347 172
880 329 180
881 357 170
882 325 177
883 339 174
884 340 159
885 314 182
886 335 167
887 323 187
888 338 178
889 339 189
890 322 175
891 347 156
892 312 170
893 336 167
894 331 167
895 336 157
896 337 161
897 344 166
898 337 154
899 319 178
900 336 188
901 324 165
902 339 158
903 323 187
904 338 162
905 324 172
906 345 154
907 321 187
908 332 192
909 353 171
910 319 170
911 346 169
912 330 155
913 327 191
914 331 177
915 345 163
916 313 193
917 344 154
918 327 178
919 344 175
920 335 177
921 339 181
922 323 194
923 335 186
924 324 187
925 350 140
926 328 180
927 342 149
928 329 170
929 334 152
930 330 182
931 337 180
932 340 169
933 321 175
934 335 173
935 336 156
936 329 175
937 336 176
938 325 175
939 339 190
940 332 165
941 330 178
942 333 199
943 335 165
944 334 159
945 326 162
946 337 179
947 330 170
948 337 177
949 330 165
950 333 166
951 318 178
952 333 153
953 324 178
954 336 160
955 316 174
956 335 168
957 337 177
958 323 184
959 336 184
960 323 183
961 329 188
962 338 185
963 340 184
964 316 180
965 343 158
966 321 140
967 346 179
968 313 169
969 341 173
970 316 193
971 330 182
972 330 176
973 340 168
974 320 181
975 333 175
976 336 186
977 331 175
978 345 170
979 316 175
980 335 180
981 327 169
982 330 163
983 354 154
984 327 166
985 332 170
986 345 168
987 318 171
988 321 185
989 331 179
990 336 175
991 341 180
992 340 170
993 342 166
994 332 166
995 351 167
996 328 194
997 330 170
998 353 164
999 317 183
1000 335 155
1 351 213
2 354 232
3 354 219
4 346 211
5 383 193
6 332 188
7 356 178
8 358 162
9 337 168
10 359 170
11 347 164
12 335 194
13 356 166
14 338 176
15 356 166
16 347 164
17 355 173
18 351 168
19 352 178
20 345 169
21 361 159
22 332 157
23 342 184
24 359 167
25 346 183
26 367 153
27 347 156
28 361 158
29 340 161
30 349 185
31 352 177
32 342 166
33 348 159
34 329 181
35 334 178
36 352 159
37 339 186
38 363 181
39 336 157
40 354 184
41 354 174
42 339 180
43 357 155
44 346 155
45 357 159
46 343 185
47 353 177
48 347 179
49 361 173
50 348 168
51 329 188
52 354 164
53 338 166
54 343 163
55 339 173
56 362 160
57 346 182
58 344 174
59 346 156
60 348 162
61 333 189
62 360 166
63 354 178
64 354 173
65 350 184
66 356 183
67 338 183
68 358 176
69 341 205
70 348 178
71 348 167
72 362 156
73 346 199
74 357 187
75 346 180
76 348 179
77 352 165
78 353 180
79 354 164
80 372 169
81 333 182
82 351 140
83 344 192
84 341 204
85 360 166
86 337 172
87 355 173
88 355 186
89 344 159
90 371 186
91 324 199
92 369 166
93 339 169
94 360 168
95 334 176
96 371 142
97 334 167
98 363 190
99 327 184
100 354 182
101 345 187
102 351 152
103 345 189
104 349 198
105 359 173
106 358 171
107 351 177
108 333 191
109 357 163
110 337 183
111 355 178
112 338 196
113 357 181
114 344 184
115 351 169
116 346 166
117 337 186
118 356 168
119 337 179
120 360 165
121 347 184
122 354 184
123 342 183
124 355 188
125 340 174
126 359 180
127 343 177
128 346 175
129 356 150
130 343 183
131 356 154
132 333 190
133 358 196
134 341 188
135 355 185
136 352 172
137 352 177
138 346 182
139 346 176
140 347 180
141 352 177
142 342 154
143 345 193
144 358 168
145 342 206
146 372 169
147 337 179
148 363 154
149 322 187
150 355 170
151 335 181
152 355 190
153 348 175
154 359 167
155 342 167
156 351 154
157 335 187
158 341 182
159 350 172
160 325 176
161 370 160
162 339 168
163 340 174
164 349 160
165 347 171
166 352 199
167 341 162
168 348 172
169 329 221
170 367 153
171 327 192
172 366 153
173 326 207
174 356 158
175 339 198
176 324 187
177 350 180
178 350 190
179 351 162
180 343 186
181 355 162
182 343 177
183 353 212
184 372 168
185 337 192
186 373 165
187 336 168
188 361 167
189 344 168
190 351 189
191 340 207
192 339 211
193 342 151
194 360 146
195 355 172
196 359 155
197 346 163
198 358 161
199 339 159
200 338 186
201 354 178
202 337 178
203 379 163
204 323 202
205 362 151
206 326 176
207 372 153
208 325 159
209 359 155
210 346 149
211 342 172
212 334 180
213 351 195
214 354 161
215 345 169
216 348 175
217 344 172
218 354 161
219 345 177
220 343 161
221 350 172
222 346 177
223 351 171
224 346 194
225 364 161
226 343 186
227 332 176
228 328 200
229 343 165
230 341 173
231 354 159
232 340 176
233 339 167
234 349 160
235 352 155
236 340 160
237 353 178
238 334 159
239 346 160
240 342 165
241 370 150
242 304 192
243 357 163
244 336 182
245 336 157
246 347 174
247 332 192
248 344 169
249 351 183
250 339 173
251 347 149
252 345 143
253 349 167
254 335 183
255 356 134
256 332 174
257 344 193
258 350 159
259 343 172
260 341 171
261 348 150
262 355 164
263 334 169
264 346 192
265 333 178
266 348 165
267 329 166
268 348 164
269 350 151
270 322 200
271 351 156
272 334 171
273 345 163
274 326 177
275 348 158
276 343 156
277 339 163
278 348 162
279 346 171
280 357 160
281 314 194
282 371 148
283 307 175
284 354 155
285 335 187
286 342 156
287 352 170
288 352 156
289 341 169
290 338 189
291 357 179
292 344 150
293 331 174
294 352 154
295 328 174
296 354 168
297 335 167
298 349 172
299 329 169
300 347 169
301 339 164
302 340 161
303 332 185
304 344 173
305 323 192
306 356 155
307 332 172
308 347 167
309 341 169
310 338 156
311 329 184
312 350 156
313 320 170
314 353 172
315 323 198
316 354 148
317 326 182
318 340 185
319 330 181
320 363 154
321 334 183
322 357 146
323 341 160
324 340 155
325 337 170
326 342 167
327 335 173
328 328 167
329 343 149
330 350 162
331 326 161
332 352 152
333 329 196
334 339 158
335 324 153
336 356 151
337 318 191
338 359 154
339 323 142
340 355 153
341 319 172
342 348 120
343 318 190
344 339 155
345 325 163
346 357 172
347 330 192
348 360 152
349 328 164
350 330 171
351 353 134
352 321 181
353 368 151
354 328 213
355 356 233
356 319 173
357 343 136
358 320 181
359 353 155
360 341 158
361 337 178
362 348 167
363 342 144
364 336 159
365 333 172
366 341 169
367 357 158
368 322 186
369 354 168
370 334 165
371 332 181
372 345 181
373 324 167
374 354 141
375 335 159
376 341 161
377 317 162
378 349 150
379 334 181
380 344 157
381 321 182
382 344 146
383 321 187
384 352 158
385 329 194
386 344 173
387 340 173
388 346 170
389 327 190
390 332 174
391 360 162
392 346 158
393 347 162
394 314 175
395 353 146
396 315 187
397 364 138
398 318 179
399 345 159
400 306 189
401 357 154
402 311 189
403 354 167
404 343 150
405 333 161
406 345 153
407 334 167
408 348 163
409 333 176
410 334 170
411 339 169
412 329 159
413 339 167
414 331 169
415 349 158
416 327 182
417 342 150
418 336 172
419 356 169
420 339 184
421 341 174
422 352 157
423 333 176
424 331 197
425 343 178
426 346 179
427 336 159
428 336 171
429 324 183
430 350 180
431 316 212
432 338 168
433 323 189
434 333 167
435 345 168
436 320 161
437 355 158
438 319 181
439 342 170
440 333 177
441 347 159
442 335 155
443 338 168
444 346 161
445 344 168
446 342 169
447 318 170
448 347 148
449 349 144
450 329 161
451 331 154
452 335 136
453 334 180
454 322 151
455 334 160
456 351 165
457 336 169
458 356 150
459 334 164
460 338 155
461 342 156
462 332 195
463 344 166
464 342 177
465 341 183
466 342 170
467 347 173
468 340 178
469 335 174
470 324 160
471 340 182
472 333 170
473 339 174
474 345 147
475 343 165
476 336 176
477 344 154
478 334 161
479 336 179
480 333 151
481 350 177
482 335 165
483 341 170
484 345 150
485 334 191
486 345 178
487 337 166
488 334 180
489 347 164
490 333 184
491 341 179
492 355 157
493 325 153
494 358 151
495 332 150
496 347 166
497 344 159
498 338 174
499 329 135
500 356 147
501 321 178
502 349 168
503 341 156
504 340 157
505 321 203
506 334 145
507 341 156
508 343 147
509 332 178
510 323 170
511 336 183
512 340 154
513 336 172
514 342 175
515 329 174
516 338 179
517 337 157
518 335 156
519 341 167
520 348 164
521 333 168
522 346 163
523 333 154
524 338 162
525 343 161
526 355 165
527 326 182
528 342 181
529 341 172
530 329 187
531 358 153
532 314 189
533 347 174
534 318 183
535 342 172
536 330 166
537 350 173
538 344 165
539 334 175
540 337 159
541 347 154
542 342 158
543 314 138
544 350 167
545 327 152
546 357 164
547 300 206
548 353 146
549 336 161
550 335 188
551 331 162
552 337 177
553 344 159
554 340 195
555 339 180
556 329 181
557 334 176
558 338 180
559 323 181
560 337 162
561 331 174
562 346 150
563 324 191
564 349 165
565 322 175
566 343 186
567 329 174
568 351 173
569 345 167
570 344 170
571 325 166
572 344 174
573 333 183
574 357 140
575 324 170
576 340 178
577 325 180
578 335 172
579 333 181
580 331 185
581 341 166
582 347 169
583 333 168
584 344 164
585 332 169
586 344 169
587 332 176
588 349 144
589 336 168
590 342 160
591 330 166
592 337 187
593 327 180
594 336 168
595 338 174
596 337 161
597 330 174
598 346 131
599 327 196
600 342 152
601 324 155
602 346 169
603 331 160
604 322 197
605 344 148
606 326 169
607 338 154
608 342 147
609 339 149
610 330 175
611 332 149
612 340 154
613 338 149
614 344 158
615 332 165
616 342 162
617 334 175
618 342 176
619 330 162
620 338 157
621 339 160
622 332 167
623 351 164
624 332 167
625 342 166
626 324 165
627 359 157
628 312 173
629 350 149
630 332 178
631 332 171
632 346 133
633 319 159
634 348 159
635 340 154
636 341 153
637 344 164
638 345 164
639 334 149
640 347 142
641 330 181
642 344 168
643 323 148
644 316 196
645 325 168
646 348 167
647 325 172
648 345 176
649 327 166
650 332 171
651 341 141
652 338 155
653 334 150
654 341 165
655 344 163
656 316 182
657 350 152
658 347 156
659 334 151
660 358 162
661 351 140
662 334 154
663 335 165
664 339 147
665 327 178
666 338 149
667 331 137
668 322 169
669 334 154
670 345 164
671 343 152
672 335 176
673 345 167
674 351 156
675 326 156
676 344 173
677 343 146
678 344 159
679 342 144
680 321 191
681 342 152
682 344 166
683 329 152
684 348 162
685 318 185
686 336 164
687 333 176
688 324 173
689 331 177
690 330 166
691 334 157
692 333 172
693 336 172
694 343 171
695 340 170
696 341 172
697 340 151
698 338 168
699 342 167
700 335 157
701 348 144
702 346 156
703 330 163
704 350 142
705 338 152
706 322 160
707 355 155
708 327 146
709 362 158
710 308 169
711 349 163
712 321 163
713 343 164
714 327 179
715 345 162
716 342 159
717 338 174
718 324 161
719 349 149
720 328 165
721 328 175
722 350 152
723 325 157
724 339 164
725 339 157
726 340 160
727 335 163
728 325 158
729 334 152
730 341 166
731 334 171
732 333 167
733 336 166
734 329 141
735 347 180
736 327 171
737 324 141
738 341 160
739 313 165
740 352 160
741 328 156
742 324 156
743 336 156
744 334 147
745 328 149
746 339 159
747 331 156
748 328 174
749 332 164
750 332 151
751 327 154
752 343 145
753 309 185
754 346 157
755 313 157
756 331 171
757 325 185
758 325 133
759 344 144
760 329 173
761 335 144
762 335 163
763 329 142
764 336 155
765 330 160
766 327 177
767 337 144
768 326 178
769 346 170
770 338 185
771 350 161
772 320 191
773 349 142
774 328 185
775 348 146
776 330 168
777 363 139
778 329 179
779 341 144
780 315 183
781 342 155
782 330 174
783 344 163
784 344 156
785 333 129
786 336 183
787 322 184
788 348 153
789 309 178
790 339 160
791 338 146
792 332 160
793 335 144
794 356 150
795 317 177
796 340 166
797 333 142
798 325 139
799 345 140
800 337 175
801 341 163
802 344 158
803 336 164
804 327 192
805 347 144
806 335 159
807 338 165
808 327 166
809 351 147
810 340 164
811 339 166
812 335 151
813 325 157
814 337 146
815 339 146
816 343 138
817 339 161
818 335 177
819 344 161
820 324 131
821 341 160
822 326 169
823 347 153
824 345 152
825 334 189
826 344 139
827 320 187
828 358 143
829 332 156
830 345 145
831 334 161
832 345 153
833 337 169
834 347 168
835 339 155
836 323 175
837 346 155
838 348 151
839 341 147
840 326 185
841 346 167
842 343 166
843 351 151
844 344 149
845 331 166
846 337 176
847 334 156
848 344 168
849 350 149
850 327 188
851 345 154
852 345 147
853 336 143
854 333 143
855 358 150
856 329 189
857 345 153
858 331 153
859 336 162
860 344 154
861 337 147
862 345 166
863 337 174
864 333 179
865 356 140
866 319 193
867 353 152
868 339 173
869 339 167
870 349 160
871 347 152
872 327 178
873 356 164
874 324 182
875 344 164
876 342 155
877 339 156
878 340 167
879 352 158
880 327 178
881 353 148
882 343 167
883 348 169
884 336 152
885 329 167
886 343 148
887 327 182
888 335 169
889 348 152
890 331 177
891 334 165
892 346 142
893 320 182
894 356 173
895 320 172
896 351 157
897 344 156
898 338 174
899 328 168
900 342 169
901 339 162
902 345 159
903 355 150
904 334 170
905 337 169
906 341 174
907 338 160
908 340 173
909 343 182
910 338 177
911 352 163
912 330 170
913 350 139
914 335 174
915 337 168
916 363 141
917 328 184
918 357 164
919 337 160
920 332 183
921 353 177
922 321 188
923 351 164
924 326 182
925 350 136
926 328 157
927 373 137
928 336 169
929 341 167
930 343 173
931 334 157
932 344 173
933 324 198
934 339 177
935 323 191
936 339 171
937 341 165
938 328 163
939 324 177
940 347 159
941 328 167
942 356 157
943 318 188
944 355 146
945 335 178
946 356 160
947 340 183
948 334 164
949 342 158
950 347 161
951 330 159
952 352 174
953 337 178
954 336 179
955 344 154
956 347 162
957 337 158
958 333 183
959 350 167
960 350 161
961 325 177
962 354 158
963 314 199
964 355 144
965 340 168
966 333 181
967 353 161
968 319 183
969 356 161
970 339 186
971 355 156
972 331 166
973 349 167
974 332 175
975 346 165
976 347 189
977 340 155
978 337 163
979 342 168
980 333 198
981 347 165
982 338 173
983 344 177
984 332 182
985 339 157
986 349 165
987 343 171
988 354 157
989 344 160
990 340 173
991 336 150
992 341 153
993 340 162
994 350 173
995 321 151
996 342 164
997 357 164
998 340 166
999 338 177
1000 344 157
