1 334 4711
2 363 4185
3 361 4205
4 351 4350
5 345 4406
6 361 4155
7 346 4373
8 360 4141
9 338 4485
10 359 4188
11 352 4371
12 359 4171
13 361 4250
14 355 4253
15 365 4131
16 336 4504
17 372 3994
18 340 4430
19 371 4005
20 342 4517
21 362 4128
22 356 4230
23 366 4076
24 332 4603
25 367 4086
26 349 4392
27 351 4273
28 364 4038
29 341 4504
30 343 4383
31 361 4242
32 362 4166
33 360 4133
34 342 4463
35 355 4288
36 346 4415
37 361 4141
38 365 4034
39 361 4158
40 366 4007
41 345 4407
42 374 4037
43 337 4520
44 364 4120
45 369 3995
46 343 4477
47 380 3876
48 342 4436
49 354 4138
50 362 4132
51 368 4073
52 359 4267
53 351 4298
54 360 4196
55 343 4382
56 368 4127
57 367 4127
58 351 4262
59 367 4100
60 348 4356
61 380 3882
62 353 4290
63 371 4064
64 363 4200
65 368 4057
66 340 4547
67 360 4196
68 345 4401
69 349 4310
70 373 3959
71 355 4283
72 354 4232
73 347 4369
74 356 4253
75 338 4553
76 367 4114
77 355 4299
78 350 4403
79 338 4600
80 349 4337
81 362 4212
82 355 4278
83 353 4229
84 355 4204
85 345 4340
86 339 4444
87 359 4245
88 348 4343
89 357 4123
90 361 4110
91 355 4269
92 370 4022
93 348 4317
94 348 4330
95 360 4158
96 342 4416
97 361 4177
98 352 4339
99 348 4288
100 363 4170
1 369 4219
2 352 4517
3 355 4395
4 373 4232
5 355 4401
6 356 4399
7 370 4192
8 358 4330
9 374 4206
10 350 4437
11 370 4220
12 364 4303
13 348 4517
14 351 4517
15 356 4409
16 356 4276
17 352 4492
18 367 4221
19 362 4332
20 366 4202
21 338 4668
22 374 4145
23 351 4465
24 368 4138
25 358 4378
26 386 3930
27 350 4533
28 360 4410
29 365 4276
30 347 4534
31 355 4375
32 348 4495
33 356 4454
34 349 4497
35 360 4255
36 353 4412
37 356 4430
38 357 4350
39 365 4171
40 366 4223
41 369 4224
42 364 4242
43 366 4223
44 357 4373
45 370 4159
46 347 4498
47 361 4248
48 359 4339
49 368 4220
50 375 4056
51 358 4319
52 351 4456
53 358 4355
54 368 4187
55 357 4336
56 359 4366
57 384 3866
58 360 4340
59 361 4285
60 368 4134
61 355 4368
62 361 4227
63 347 4543
64 369 4178
65 363 4237
66 354 4450
67 369 4221
68 368 4268
69 348 4618
70 369 4201
71 357 4337
72 363 4264
73 354 4342
74 360 4239
75 361 4295
76 374 4145
77 363 4306
78 360 4311
79 361 4251
80 370 4187
81 350 4514
82 356 4320
83 355 4350
84 356 4428
85 361 4251
86 381 3936
87 350 4475
88 368 4185
89 372 4236
90 358 4419
91 367 4202
92 359 4339
93 366 4251
94 369 4234
95 360 4301
96 361 4328
97 360 4353
98 365 4217
99 352 4410
100 355 4400
1 366 4336
2 356 4316
3 352 4404
4 359 4292
5 347 4571
6 350 4420
7 352 4365
8 351 4363
9 341 4562
10 379 3943
11 338 4632
12 362 4172
13 349 4430
14 369 4091
15 339 4471
16 369 4167
17 349 4373
18 374 4034
19 336 4623
20 388 3845
21 344 4503
22 370 4127
23 367 4144
24 340 4514
25 360 4248
26 361 4253
27 358 4371
28 361 4256
29 352 4422
30 382 4049
31 344 4431
32 369 4100
33 362 4203
34 333 4638
35 362 4114
36 362 4164
37 359 4242
38 366 4199
39 355 4376
40 354 4378
41 358 4305
42 365 4187
43 359 4298
44 348 4420
45 364 4243
46 342 4542
47 368 4181
48 354 4305
49 346 4519
50 353 4413
51 334 4597
52 361 4175
53 346 4385
54 355 4323
55 357 4273
56 360 4165
57 354 4356
58 372 3996
59 360 4320
60 368 4115
61 364 4202
62 357 4285
63 355 4344
64 357 4158
65 355 4322
66 352 4353
67 362 4268
68 359 4250
69 358 4166
70 363 4198
71 363 4229
72 357 4243
73 361 4259
74 363 4224
75 352 4379
76 365 4229
77 351 4348
78 358 4301
79 355 4297
80 356 4324
81 382 3902
82 373 4012
83 383 3914
84 361 4221
85 359 4254
86 356 4380
87 366 4193
88 354 4407
89 363 4163
90 344 4495
91 365 4155
92 344 4427
93 360 4307
94 343 4469
95 366 4174
96 358 4260
97 358 4259
98 377 3997
99 336 4549
100 351 4443
