1 336 124
2 335 120
3 327 106
4 337 96
5 329 123
6 334 137
7 345 105
8 327 128
9 342 97
10 318 131
11 337 89
12 331 132
13 335 81
14 338 111
15 336 131
16 322 116
17 345 89
18 326 102
19 324 128
20 346 119
21 329 93
22 355 87
23 330 119
24 344 91
25 316 130
26 336 94
27 326 97
28 352 96
29 320 133
30 335 95
31 328 116
32 340 104
33 324 117
34 343 125
35 317 121
36 332 109
37 332 129
38 328 97
39 341 134
40 343 123
41 343 121
42 335 129
43 332 100
44 337 106
45 330 125
46 346 118
47 325 107
48 333 130
49 337 124
50 321 141
51 334 95
52 324 114
53 331 106
54 337 122
55 328 116
56 332 130
57 333 117
58 317 119
59 365 111
60 310 112
61 352 101
62 325 132
63 339 119
64 332 125
65 336 122
66 334 123
67 344 123
68 333 118
69 338 98
70 340 95
71 333 125
72 328 107
73 344 93
74 312 135
75 339 122
76 327 134
77 330 113
78 347 120
79 322 113
80 339 118
81 330 124
82 333 114
83 335 128
84 332 121
85 348 91
86 328 128
87 352 126
88 319 119
89 341 117
90 328 125
91 334 121
92 328 105
93 342 122
94 334 121
95 349 104
96 330 124
97 340 122
98 345 124
99 325 120
100 335 108
1 313 128
2 350 104
3 327 100
4 353 91
5 331 88
6 347 98
7 329 80
8 345 77
9 327 87
10 318 95
11 344 81
12 318 96
13 334 83
14 325 89
15 318 88
16 340 85
17 322 83
18 323 94
19 338 74
20 324 95
21 345 84
22 322 100
23 334 83
24 338 81
25 322 100
26 329 100
27 330 88
28 324 86
29 338 82
30 318 94
31 337 88
32 333 90
33 327 84
34 344 85
35 324 93
36 331 97
37 330 84
38 321 83
39 326 81
40 317 97
41 334 86
42 319 84
43 328 90
44 336 97
45 325 98
46 341 93
47 332 83
48 326 88
49 341 75
50 322 101
51 339 86
52 330 103
53 333 83
54 326 90
55 335 78
56 338 82
57 332 86
58 335 74
59 339 94
60 340 95
61 322 91
62 346 80
63 330 80
64 320 94
65 338 78
66 327 85
67 330 78
68 335 89
69 319 91
70 346 87
71 327 98
72 334 88
73 342 76
74 333 87
75 335 80
76 332 80
77 331 92
78 336 94
79 322 79
80 347 78
81 319 86
82 333 78
83 327 90
84 330 94
85 328 79
86 338 96
87 332 92
88 335 93
89 332 92
90 316 94
91 339 91
92 334 87
93 326 84
94 334 77
95 336 89
96 324 96
97 348 87
98 317 97
99 331 82
100 343 82
1 340 157
2 330 143
3 339 127
4 322 116
5 340 113
6 327 111
7 338 110
8 327 126
9 333 106
10 331 102
11 329 75
12 332 79
13 309 87
14 338 77
15 323 99
16 343 90
17 325 94
18 328 88
19 327 93
20 337 94
21 334 87
22 334 86
23 330 81
24 326 93
25 319 90
26 336 81
27 317 95
28 326 85
29 330 92
30 322 93
31 349 78
32 330 84
33 326 85
34 342 82
35 337 88
36 318 88
37 353 78
38 338 83
39 318 94
40 345 94
41 329 97
42 342 87
43 327 100
44 352 79
45 322 95
46 349 75
47 312 85
48 341 82
49 329 87
50 328 80
51 343 71
52 312 92
53 337 82
54 330 77
55 336 92
56 331 88
57 335 81
58 329 81
59 331 94
60 333 86
61 318 103
62 335 93
63 331 101
64 340 100
65 344 96
66 331 86
67 324 92
68 337 78
69 326 96
70 345 88
71 317 102
72 334 82
73 337 85
74 322 89
75 335 99
76 328 94
77 337 96
78 324 97
79 326 84
80 328 99
81 333 86
82 322 88
83 337 98
84 321 97
85 339 86
86 319 84
87 334 96
88 322 97
89 343 87
90 331 85
91 343 95
92 327 93
93 343 87
94 328 92
95 328 83
96 343 91
97 325 94
98 329 92
99 331 86
100 345 91
