1 378 13721
2 403 11435
3 406 10120
4 392 11328
5 393 12404
6 402 11685
7 403 10311
8 387 12223
9 408 11612
10 395 11428
11 407 11708
12 415 11643
13 402 10556
14 392 11612
15 397 10949
16 406 11930
17 412 11669
18 383 11516
19 388 11454
20 399 11576
21 396 11177
22 413 10762
23 402 10700
24 403 10870
25 385 10852
26 400 10520
27 409 11377
28 389 10492
29 394 11240
30 404 11527
31 408 11240
32 409 11065
33 401 10882
34 389 11711
35 402 11109
36 395 12244
37 415 11495
38 404 9761
39 404 11785
40 394 10525
41 381 11125
42 405 11215
43 389 9734
44 409 10752
45 387 11620
46 394 11676
47 394 12004
48 384 11007
49 402 10866
50 384 11361
51 401 11760
52 408 11826
53 403 10907
54 396 10639
55 395 11662
56 400 11342
57 395 10779
58 394 11897
59 403 11076
60 392 10959
61 389 11900
62 402 11006
63 404 10686
64 404 10595
65 397 10834
66 394 11440
67 398 11759
68 402 11436
69 398 11073
70 399 11761
71 381 11520
72 411 11344
73 406 11081
74 394 11693
75 402 10898
76 399 11672
77 400 11049
78 409 11446
79 407 10427
80 412 11169
81 399 11010
82 384 11135
83 402 11254
84 392 11643
85 400 10448
86 404 10865
87 397 11283
88 402 11153
89 389 11587
90 398 10283
91 396 10721
92 414 10619
93 403 10883
94 383 11881
95 390 10357
96 411 10799
97 394 11116
98 399 11445
99 420 11371
100 397 12824
1 382 13804
2 407 10770
3 409 11794
4 415 11336
5 414 11608
6 412 11311
7 404 11587
8 413 11306
9 413 11071
10 403 11173
11 404 10847
12 417 10664
13 400 10836
14 408 11245
15 407 12320
16 404 11020
17 395 11229
18 405 12045
19 419 10779
20 421 10705
21 424 10992
22 416 11058
23 411 11859
24 406 11302
25 416 11601
26 397 12102
27 410 11199
28 406 11640
29 391 11143
30 406 11579
31 415 11840
32 408 11669
33 404 11797
34 404 10943
35 399 11786
36 380 10725
37 413 12333
38 393 11871
39 403 11291
40 401 11595
41 401 11044
42 405 10664
43 410 11571
44 412 11420
45 409 11274
46 409 10675
47 417 11662
48 402 11249
49 408 11455
50 399 12185
51 408 11868
52 391 12161
53 421 11783
54 417 11754
55 421 11612
56 400 11941
57 414 11245
58 394 11277
59 410 11858
60 395 12280
61 428 10467
62 422 11343
63 420 11431
64 425 11392
65 411 11364
66 416 11847
67 425 11865
68 406 11492
69 411 11015
70 406 11827
71 419 12145
72 408 11930
73 418 12145
74 412 10933
75 414 12180
76 423 12378
77 421 11785
78 410 11360
79 402 11609
80 401 11988
81 421 11548
82 423 11833
83 411 11623
84 415 10520
85 416 11614
86 406 12815
87 419 11257
88 422 11608
89 426 11853
90 416 10996
91 416 11596
92 415 11306
93 413 11653
94 399 10772
95 423 12077
96 405 11734
97 414 11523
98 422 12018
99 433 11282
100 430 13315
1 389 14057
2 385 11246
3 387 10682
4 375 11043
5 402 11442
6 398 11657
7 397 10945
8 381 10505
9 378 10900
10 395 11407
11 391 10381
12 380 11604
13 386 11523
14 380 11319
15 382 11230
16 380 11148
17 393 11517
18 387 11429
19 397 10246
20 382 11531
21 392 11078
22 383 10994
23 387 11602
24 375 11342
25 394 11412
26 380 11007
27 395 11434
28 395 11004
29 378 11279
30 393 10689
31 388 11224
32 385 11449
33 375 11249
34 370 9999
35 395 11801
36 386 11375
37 393 11902
38 389 11192
39 389 11288
40 394 11118
41 394 12106
42 399 10645
43 377 11620
44 392 11120
45 379 10746
46 390 10890
47 398 11253
48 390 11130
49 386 11788
50 400 11045
51 398 10909
52 370 10865
53 400 11739
54 383 10811
55 375 11094
56 391 11557
57 380 10893
58 412 12150
59 382 11589
60 379 10847
61 368 11614
62 381 11032
63 372 11419
64 388 11595
65 381 11526
66 394 11709
67 391 11585
68 384 12216
69 398 11335
70 381 10709
71 395 11081
72 369 11220
73 401 11002
74 389 10896
75 393 10748
76 385 10640
77 392 11297
78 394 10882
79 397 11786
80 396 11457
81 397 11196
82 393 11435
83 388 10860
84 370 10995
85 399 11434
86 391 11476
87 389 11486
88 395 12638
89 389 11037
90 369 10474
91 390 11564
92 391 12050
93 374 10884
94 392 10211
95 397 10941
96 381 11449
97 391 11900
98 376 10178
99 428 10621
100 388 12490
