1 392 4359
2 375 6050
3 369 6644
4 381 6319
5 382 6925
6 372 6265
7 385 6770
8 375 6530
9 388 5953
10 386 7167
11 357 5673
12 380 5172
13 373 5706
14 383 5673
15 363 6792
16 374 5788
17 387 6391
18 378 5933
19 378 6416
20 365 5991
21 364 5473
22 386 6438
23 366 6030
24 381 5694
25 400 5789
26 382 5803
27 379 5268
28 375 6102
29 374 5872
30 385 5869
31 349 5721
32 391 6187
33 376 6411
34 397 6084
35 377 6441
36 397 6039
37 372 6140
38 392 6600
39 361 7068
40 381 6074
41 381 6217
42 387 6475
43 365 5894
44 372 5457
45 388 6279
46 371 5970
47 398 6059
48 380 6830
49 384 6073
50 378 5709
51 359 5826
52 383 6138
53 385 6241
54 364 5664
55 383 6339
56 372 6101
57 371 5948
58 378 5828
59 366 5541
60 356 4971
61 379 6206
62 383 6365
63 378 5356
64 380 5894
65 380 6263
66 373 5061
67 367 5211
68 385 5872
69 376 6617
70 379 5791
71 381 5533
72 376 5811
73 395 5696
74 389 5893
75 378 5976
76 372 5837
77 396 6622
78 354 6150
79 386 5386
80 380 5985
81 372 6233
82 386 6573
83 361 6032
84 379 5257
85 368 6239
86 371 5490
87 386 6063
88 365 5810
89 385 4996
90 376 5691
91 377 5966
92 387 5922
93 366 6703
94 385 5570
95 376 6261
96 377 5855
97 376 5954
98 377 6049
99 386 5624
100 373 6553
101 387 6055
102 354 5762
103 392 6142
104 353 6906
105 379 5338
106 370 5744
107 384 5631
108 379 5657
109 376 6152
110 379 6418
111 382 5377
112 373 5860
113 367 5557
114 375 5568
115 376 5565
116 365 5418
117 388 6462
118 368 6257
119 363 5464
120 371 6360
121 384 6528
122 385 6799
123 377 6351
124 367 6049
125 378 6523
126 375 6363
127 390 6044
128 371 5292
129 385 5211
130 381 5977
131 381 5978
132 400 6345
133 360 6546
134 388 5481
135 390 5709
136 384 5326
137 376 6836
138 381 6322
139 371 5912
140 369 4949
141 386 5584
142 361 6605
143 395 6254
144 366 6767
145 396 6094
146 370 6979
147 395 5932
148 386 5790
149 374 5952
150 380 5825
151 383 5688
152 365 6046
153 369 5365
154 383 5455
155 397 5512
156 363 5682
157 376 5681
158 378 6247
159 391 6265
160 369 5976
161 362 5307
162 378 5629
163 370 6823
164 377 5791
165 373 6444
166 385 5474
167 367 6683
168 379 6130
169 378 5777
170 376 5118
171 383 5040
172 375 5402
173 370 5441
174 384 6396
175 375 6300
176 364 5929
177 395 6066
178 362 6230
179 377 5646
180 383 5433
181 381 6301
182 381 5847
183 380 5376
184 385 6130
185 368 6575
186 378 5847
187 385 5818
188 384 6024
189 363 5518
190 376 6605
191 366 6948
192 375 5460
193 385 5324
194 358 6913
195 384 6090
196 381 5833
197 388 6100
198 375 5705
199 378 5801
200 380 6366
201 372 6062
202 388 6858
203 386 5093
204 393 5932
205 383 6757
206 377 6760
207 385 5871
208 381 6724
209 376 5693
210 381 5374
211 364 5624
212 368 5750
213 371 6575
214 384 6287
215 386 5775
216 373 5980
217 390 5799
218 390 6245
219 376 6280
220 400 5716
221 390 5700
222 380 5363
223 382 5825
224 376 6017
225 369 6448
226 383 5813
227 383 5615
228 375 6229
229 384 5396
230 369 6284
231 384 5699
232 397 6275
233 375 6606
234 374 4619
235 389 5955
236 375 5779
237 381 5737
238 366 5790
239 377 5492
240 390 6243
241 378 5670
242 390 5713
243 358 5631
244 392 5803
245 372 6186
246 365 5679
247 374 6800
248 372 6029
249 373 6024
250 382 6437
251 378 5513
252 367 5874
253 385 5939
254 390 5346
255 393 6183
256 382 5584
257 390 6048
258 382 5857
259 353 5710
260 382 5479
261 374 5635
262 387 5951
263 381 6278
264 376 6680
265 379 6701
266 367 6193
267 385 5316
268 351 5137
269 399 5905
270 370 6051
271 401 6436
272 367 6348
273 392 5527
274 379 5712
275 376 6118
276 390 6733
277 372 6007
278 377 5412
279 388 6026
280 386 6043
281 380 6407
282 379 5917
283 391 5631
284 393 6330
285 370 5557
286 391 6428
287 385 6055
288 371 6288
289 374 5799
290 372 6253
291 364 5401
292 376 5728
293 375 6166
294 381 5505
295 378 5194
296 385 6264
297 374 5388
298 390 5912
299 372 5593
300 382 6616
301 384 6074
302 372 6635
303 379 6250
304 373 5567
305 384 5690
306 366 6358
307 380 4720
308 380 5343
309 382 6432
310 363 5529
311 380 5127
312 380 5390
313 370 6017
314 384 6006
315 376 5701
316 380 6404
317 398 5897
318 378 6123
319 387 5361
320 376 5323
321 380 5618
322 386 5370
323 361 6426
324 393 6792
325 365 6230
326 377 6283
327 369 6004
328 391 5881
329 358 5982
330 383 5779
331 369 6516
332 374 5800
333 391 6574
334 379 6169
335 385 5924
336 360 6784
337 385 6055
338 368 5978
339 396 5962
340 378 5830
341 387 5953
342 365 5023
343 386 5639
344 388 6837
345 367 5652
346 381 5659
347 383 5766
348 371 5625
349 397 5693
350 389 5745
351 386 5936
352 388 5639
353 378 6101
354 378 5596
355 380 5947
356 382 6114
357 387 6831
358 364 6603
359 394 6700
360 365 6273
361 384 5178
362 399 6079
363 379 6764
364 366 6108
365 393 6851
366 351 6045
367 384 5719
368 358 6201
369 392 5755
370 373 5459
371 379 6013
372 365 6872
373 391 6143
374 379 5907
375 375 5717
376 374 5835
377 387 6204
378 358 6460
379 385 5856
380 372 6421
381 390 6453
382 364 6131
383 387 5913
384 369 6019
385 376 6398
386 382 5962
387 363 5727
388 388 6181
389 359 6168
390 384 6472
391 375 5833
392 377 5377
393 385 6425
394 377 6267
395 380 5536
396 358 5174
397 386 4700
398 368 5807
399 389 5527
400 384 6631
401 362 5972
402 394 6022
403 365 5837
404 381 5357
405 356 6137
406 392 6771
407 357 6503
408 378 5578
409 379 6356
410 386 5708
411 364 5678
412 396 5596
413 354 6546
414 396 5895
415 379 6232
416 370 6390
417 378 6548
418 371 6543
419 376 6182
420 378 6038
421 393 6166
422 361 5813
423 394 6564
424 369 6798
425 394 5795
426 376 6182
427 374 5214
428 386 6016
429 376 5439
430 381 5541
431 369 6515
432 375 5951
433 372 5541
434 387 5618
435 375 6324
436 373 5427
437 375 5727
438 382 5606
439 380 5429
440 384 5765
441 382 5716
442 399 5367
443 385 5321
444 385 6215
445 378 6075
446 393 5878
447 375 5976
448 389 6129
449 377 6544
450 357 5813
451 402 6066
452 380 5353
453 378 5646
454 377 6281
455 381 6301
456 374 5901
457 389 5878
458 387 6504
459 368 5802
460 399 5723
461 392 5780
462 372 5767
463 364 5905
464 397 5765
465 372 5852
466 389 5684
467 372 5891
468 372 6022
469 376 6022
470 372 6000
471 377 6296
472 391 5662
473 380 6126
474 379 6201
475 380 5746
476 365 6133
477 374 5725
478 371 6491
479 390 6149
480 353 6676
481 383 4971
482 379 5459
483 371 5619
484 383 5733
485 368 5613
486 389 5848
487 384 6612
488 369 6644
489 374 5759
490 386 6503
491 370 5591
492 371 5585
493 378 6983
494 363 6121
495 380 6390
496 371 6168
497 379 5942
498 378 6347
499 370 6217
500 389 6720
501 374 5952
502 381 5913
503 371 5872
504 388 5626
505 357 5794
506 377 5155
507 385 5062
508 388 7152
509 380 6264
510 380 5405
511 374 6299
512 370 5683
513 377 5224
514 383 6683
515 365 6294
516 377 5815
517 370 7117
518 380 7291
519 371 6613
520 375 5853
521 384 6452
522 369 6166
523 387 5733
524 402 6421
525 380 5994
526 374 5988
527 378 6461
528 381 5989
529 378 6635
530 375 6206
531 393 5865
532 371 5452
533 376 5639
534 392 6175
535 373 5804
536 390 5530
537 356 6124
538 384 5386
539 373 5677
540 380 5667
541 353 6397
542 383 6622
543 374 6567
544 367 6336
545 392 6232
546 372 6556
547 375 5402
548 384 6465
549 382 6034
550 394 5939
551 375 5793
552 390 5783
553 361 5955
554 389 4949
555 355 5713
556 386 5870
557 376 6467
558 377 6150
559 388 6012
560 376 5362
561 379 6074
562 379 5934
563 380 6036
564 388 6551
565 364 6553
566 377 5801
567 366 5727
568 397 5460
569 368 4984
570 399 4918
571 378 6156
572 384 5837
573 362 5780
574 382 6078
575 373 5705
576 379 5638
577 396 5603
578 380 5595
579 368 5841
580 362 5703
581 383 5646
582 379 5573
583 381 5792
584 383 5379
585 389 6181
586 374 5977
587 369 5730
588 379 6222
589 375 5866
590 370 6348
591 378 6330
592 372 6363
593 384 5845
594 364 5751
595 378 5041
596 385 6174
597 400 6531
598 359 5704
599 390 5560
600 367 6138
601 402 5668
602 381 5459
603 371 6741
604 389 6444
605 373 6285
606 377 6008
607 366 6154
608 394 5584
609 378 5853
610 373 5462
611 386 5414
612 388 5651
613 395 6402
614 359 5531
615 374 5644
616 377 6381
617 381 6251
618 366 5932
619 362 6312
620 384 5465
621 386 6497
622 367 5643
623 379 5324
624 381 5761
625 373 6353
626 385 6003
627 378 5832
628 372 5847
629 359 5657
630 378 6634
631 371 6652
632 379 5587
633 378 5628
634 376 6585
635 379 5894
636 373 5938
637 382 5501
638 368 6162
639 382 5712
640 370 5696
641 388 6384
642 371 5549
643 388 5929
644 385 6297
645 355 5545
646 387 5620
647 377 6143
648 373 6005
649 386 6824
650 389 7028
651 371 6196
652 394 6169
653 364 5951
654 402 5453
655 358 5958
656 388 6057
657 363 5776
658 380 5778
659 380 6032
660 373 5778
661 389 6154
662 377 6194
663 385 5315
664 388 5616
665 378 5842
666 393 5878
667 382 6081
668 368 5674
669 392 5896
670 380 6377
671 377 5793
672 388 5710
673 381 6125
674 377 6330
675 384 5754
676 379 6271
677 369 5701
678 385 5210
679 383 5317
680 374 5299
681 380 5955
682 359 5771
683 385 6102
684 364 6042
685 394 6197
686 368 6570
687 366 6136
688 376 6762
689 380 6132
690 381 5660
691 373 5665
692 380 5962
693 375 6525
694 391 6820
695 354 5942
696 376 5682
697 371 6469
698 382 5906
699 374 5785
700 387 5930
701 365 5732
702 381 5358
703 373 6023
704 388 5828
705 367 6589
706 368 6377
707 362 5687
708 374 5729
709 388 6728
710 363 5534
711 397 5603
712 373 6184
713 373 5520
714 387 6401
715 384 6487
716 379 5381
717 381 6260
718 381 6299
719 369 6855
720 391 6308
721 382 5909
722 383 6003
723 370 6440
724 399 5900
725 374 5900
726 375 6070
727 381 5658
728 378 5925
729 385 6507
730 375 5507
731 401 6063
732 371 5952
733 397 5249
734 388 5995
735 373 6390
736 391 6385
737 390 5696
738 380 5865
739 376 5643
740 397 5516
741 382 6476
742 391 5662
743 392 6033
744 381 6023
745 383 6198
746 366 5682
747 384 5819
748 388 6414
749 368 6431
750 397 6319
751 372 6535
752 393 6164
753 373 6398
754 394 6130
755 379 6711
756 380 6213
757 377 6241
758 375 5847
759 373 5461
760 382 6081
761 387 6353
762 378 5727
763 392 6170
764 363 6512
765 384 5869
766 383 6542
767 383 6061
768 396 6479
769 360 6071
770 387 5575
771 377 5558
772 372 6086
773 386 5632
774 382 6317
775 375 5546
776 384 5296
777 379 5843
778 365 6190
779 380 6694
780 373 5909
781 381 6321
782 369 5269
783 394 5536
784 386 5910
785 362 5494
786 398 5724
787 374 6598
788 379 5289
789 365 5575
790 376 6768
791 372 5271
792 381 5914
793 378 6483
794 379 5152
795 392 6188
796 379 6428
797 385 5681
798 368 5973
799 365 6364
800 383 5607
801 361 5895
802 384 6025
803 387 7212
804 372 5614
805 388 5443
806 394 6024
807 378 5963
808 379 5649
809 382 6266
810 368 5949
811 372 6307
812 388 6139
813 377 5674
814 360 6490
815 389 6359
816 376 6430
817 384 5991
818 365 5553
819 388 6254
820 359 5621
821 391 5855
822 373 5730
823 369 5774
824 379 5988
825 369 6018
826 380 5664
827 382 6176
828 381 6567
829 388 6771
830 383 6506
831 371 6568
832 369 6021
833 371 5733
834 388 5181
835 391 5594
836 397 6511
837 367 5641
838 389 5633
839 384 6415
840 396 6005
841 388 5577
842 380 5563
843 393 5828
844 367 5511
845 371 5229
846 399 6379
847 380 5857
848 361 5445
849 393 6226
850 371 6344
851 366 5163
852 365 6494
853 370 6045
854 395 5937
855 376 5466
856 383 5350
857 377 5712
858 356 5743
859 391 6420
860 367 6110
861 382 5194
862 389 6752
863 363 5742
864 385 5449
865 372 5898
866 382 5986
867 368 5803
868 389 5822
869 363 5150
870 384 5513
871 372 6132
872 390 5883
873 388 6519
874 384 6159
875 380 5945
876 359 6547
877 373 6360
878 379 6535
879 367 6367
880 379 5814
881 387 6272
882 396 5900
883 389 6288
884 351 5815
885 396 4963
886 353 5967
887 391 4849
888 380 6649
889 381 5799
890 380 6709
891 370 5861
892 387 6364
893 377 6355
894 380 5890
895 373 6547
896 383 5388
897 375 5483
898 385 5847
899 370 6442
900 368 6459
901 367 6539
902 382 5735
903 387 5952
904 371 5855
905 381 6260
906 376 6224
907 377 5574
908 376 6243
909 384 6169
910 389 6048
911 365 5739
912 389 5928
913 383 6362
914 358 5528
915 379 5192
916 389 5638
917 383 6212
918 381 5861
919 382 6062
920 386 6203
921 367 5731
922 388 5343
923 373 5448
924 379 5821
925 363 6149
926 380 5012
927 379 5587
928 379 5916
929 374 6006
930 367 5353
931 384 6559
932 374 5908
933 390 5933
934 378 6564
935 364 5829
936 385 5977
937 379 5742
938 379 6572
939 399 5728
940 394 5939
941 401 5893
942 388 5993
943 393 5430
944 388 4988
945 400 6017
946 376 5563
947 397 5862
948 381 5348
949 392 5652
950 389 6077
951 396 5956
952 396 5892
953 384 6573
954 405 5399
955 383 5390
956 407 5269
957 400 5371
958 379 6616
959 406 5149
960 384 6278
961 400 5376
962 383 5766
963 376 6303
964 393 5679
965 364 6030
966 405 6747
967 380 6512
968 380 5915
969 395 5833
970 378 6850
971 410 5861
972 380 6321
973 398 5820
974 381 6015
975 396 5686
976 384 6223
977 393 6014
978 378 6635
979 401 6375
980 382 5562
981 404 5969
982 395 6067
983 392 5437
984 389 5499
985 397 5858
986 406 6332
987 387 5414
988 401 5756
989 390 5518
990 396 6527
991 369 6599
992 405 6015
993 384 6884
994 379 5527
995 402 6027
996 385 6479
997 380 5534
998 392 6369
999 376 5097
1000 363 4796
1 399 5109
2 383 5337
3 395 6358
4 388 5766
5 388 5446
6 401 5633
7 391 6085
8 374 6240
9 399 5777
10 370 6667
11 397 5703
12 374 5969
13 377 5940
14 381 4512
15 413 6457
16 382 6014
17 385 6334
18 385 5859
19 389 5915
20 363 6100
21 391 5693
22 397 6510
23 375 5109
24 413 5489
25 366 5880
26 387 5371
27 372 5817
28 392 6113
29 385 6222
30 390 6993
31 386 5668
32 389 6380
33 397 5847
34 394 6125
35 367 6249
36 386 5788
37 390 6333
38 386 6044
39 394 5988
40 379 5323
41 384 5615
42 377 5163
43 386 5811
44 376 6185
45 393 5735
46 386 5319
47 384 6101
48 400 6342
49 384 6473
50 394 5778
51 379 5711
52 398 5662
53 387 5628
54 396 5623
55 381 6495
56 387 6059
57 382 5737
58 395 4921
59 389 5998
60 379 5415
61 394 6349
62 378 5524
63 397 5317
64 411 5492
65 375 6221
66 397 4441
67 382 6136
68 391 5480
69 369 5983
70 401 5797
71 396 5961
72 380 5831
73 390 5834
74 402 6360
75 371 5810
76 377 5241
77 385 6268
78 373 5365
79 389 5536
80 375 6868
81 396 5990
82 373 6269
83 388 5364
84 377 6538
85 398 5647
86 367 5660
87 397 5805
88 391 6328
89 399 5903
90 402 6371
91 392 5627
92 396 5735
93 371 6162
94 409 6037
95 374 4994
96 384 5632
97 385 6073
98 378 5676
99 405 4710
100 387 5085
101 383 5792
102 393 6542
103 380 5691
104 393 6115
105 385 6289
106 384 5983
107 403 5533
108 394 6152
109 374 6191
110 399 6394
111 382 6177
112 389 5895
113 398 5627
114 388 6676
115 392 5911
116 382 5573
117 362 5348
118 401 5950
119 380 6216
120 392 5994
121 392 5989
122 387 6083
123 406 6052
124 378 5853
125 396 5826
126 391 6151
127 376 5601
128 388 5911
129 388 6013
130 391 5747
131 401 6801
132 385 5523
133 395 5726
134 396 6418
135 375 6519
136 398 5908
137 387 6218
138 393 5652
139 386 5617
140 387 5952
141 391 6022
142 385 6146
143 400 6131
144 364 6056
145 400 5067
146 375 5726
147 384 5264
148 393 5916
149 387 6369
150 378 6483
151 386 5303
152 380 6236
153 398 6184
154 385 5431
155 386 5924
156 385 5988
157 398 6168
158 394 6078
159 394 5898
160 373 6260
161 397 5612
162 391 5559
163 395 6144
164 377 5562
165 398 6058
166 380 6588
167 396 6305
168 375 5609
169 390 6431
170 376 6787
171 378 5764
172 394 5962
173 397 7086
174 388 5875
175 389 5751
176 399 5014
177 379 5776
178 389 4906
179 402 5679
180 389 5902
181 384 5268
182 379 6352
183 387 6122
184 397 6136
185 378 6413
186 385 5278
187 394 5447
188 389 6641
189 392 5708
190 381 5679
191 396 5521
192 382 6626
193 380 4891
194 391 5520
195 395 5797
196 391 5462
197 390 5473
198 390 5052
199 380 6436
200 372 4920
201 388 5166
202 392 6150
203 392 6253
204 387 5648
205 400 6143
206 383 5292
207 396 5033
208 379 5691
209 378 6142
210 390 5721
211 377 5941
212 396 5744
213 378 5920
214 388 5269
215 404 6270
216 388 6077
217 388 5707
218 405 7252
219 383 5891
220 388 5435
221 362 5445
222 391 5590
223 394 5158
224 387 5880
225 388 5462
226 386 7079
227 382 6259
228 392 5334
229 390 6156
230 382 5952
231 376 4911
232 401 6099
233 379 6678
234 386 5756
235 370 5813
236 390 6095
237 379 6209
238 393 5340
239 391 6275
240 392 6280
241 374 5864
242 392 5654
243 378 5589
244 387 5652
245 375 5129
246 385 5766
247 391 6154
248 390 6012
249 385 6721
250 375 6239
251 372 5884
252 386 6910
253 389 6836
254 365 6293
255 375 6823
256 370 5642
257 377 6099
258 368 6223
259 376 5639
260 358 6627
261 364 5469
262 375 5941
263 375 5650
264 374 5027
265 374 5055
266 365 6582
267 372 5583
268 371 5220
269 390 6069
270 369 6506
271 382 5662
272 362 6145
273 383 5701
274 369 6434
275 379 5961
276 372 5563
277 387 6574
278 375 6699
279 381 6412
280 377 6646
281 382 6035
282 360 5855
283 384 5892
284 368 6530
285 382 6436
286 363 5682
287 371 5966
288 377 7081
289 373 5865
290 391 6934
291 360 6038
292 390 5609
293 365 5657
294 381 6372
295 380 6623
296 380 6800
297 361 6362
298 372 5087
299 383 5478
300 364 6144
301 364 5863
302 381 5981
303 366 6321
304 373 6044
305 369 6539
306 374 6143
307 391 6218
308 391 5945
309 378 5435
310 376 5957
311 374 5667
312 378 6749
313 378 5853
314 384 6094
315 361 6246
316 376 5968
317 369 5368
318 391 6347
319 375 5874
320 376 5472
321 379 5792
322 364 5902
323 385 5582
324 369 5943
325 377 5852
326 374 6556
327 374 5859
328 374 6960
329 375 6320
330 365 5612
331 372 5895
332 365 5863
333 370 5089
334 384 5521
335 375 5602
336 377 6097
337 376 6282
338 372 5981
339 364 5991
340 377 5376
341 372 6524
342 365 6495
343 387 6266
344 360 5528
345 392 5586
346 372 5913
347 374 5984
348 360 6199
349 389 5920
350 373 6274
351 360 5573
352 382 5518
353 383 6266
354 382 5340
355 381 6604
356 377 6820
357 385 6523
358 374 5976
359 375 6763
360 354 6474
361 380 6184
362 371 6539
363 381 6299
364 363 6037
365 378 5743
366 387 5588
367 367 5245
368 377 5868
369 387 5651
370 369 5814
371 369 5204
372 385 5196
373 353 6197
374 381 5206
375 373 5141
376 374 5614
377 371 5418
378 359 5705
379 372 6247
380 366 6193
381 374 6343
382 391 6035
383 362 6186
384 393 6208
385 377 6391
386 361 5891
387 370 5665
388 365 6147
389 380 6171
390 371 6088
391 378 6248
392 366 6618
393 372 5953
394 373 6575
395 377 5280
396 380 5956
397 369 6683
398 367 6315
399 372 5754
400 366 5948
401 372 5409
402 389 6556
403 372 6206
404 376 5610
405 381 5532
406 364 6909
407 367 6467
408 369 5742
409 379 5886
410 370 5457
411 386 5893
412 356 5902
413 395 5983
414 350 6551
415 393 6137
416 366 6196
417 390 6444
418 364 6094
419 364 5634
420 374 5861
421 371 6267
422 368 6065
423 386 5991
424 383 5721
425 362 6823
426 378 5429
427 372 5985
428 362 6413
429 373 6143
430 366 5833
431 378 6109
432 363 6498
433 382 5570
434 373 5945
435 390 6890
436 360 6201
437 369 5882
438 376 5623
439 382 6019
440 370 6564
441 385 5411
442 386 5832
443 372 5769
444 363 5631
445 376 6322
446 369 6696
447 375 6149
448 382 5687
449 366 5734
450 374 5612
451 384 5357
452 363 5893
453 371 6318
454 377 5712
455 373 5492
456 382 6063
457 357 6440
458 388 5875
459 373 5954
460 370 6596
461 374 6359
462 361 5964
463 364 6039
464 371 6341
465 362 5900
466 377 6138
467 386 6340
468 371 6235
469 387 5541
470 362 5330
471 381 5559
472 384 6803
473 364 6421
474 372 5859
475 382 6219
476 370 6467
477 376 5827
478 388 5923
479 365 6510
480 372 5723
481 375 6310
482 379 6057
483 365 5846
484 398 6016
485 383 5674
486 347 5630
487 381 5623
488 369 6667
489 378 6125
490 373 5571
491 379 6216
492 373 5805
493 369 5915
494 374 5311
495 391 6208
496 367 6382
497 384 5840
498 365 5620
499 378 5173
500 382 6327
501 357 5876
502 369 6301
503 373 6132
504 393 5576
505 367 6437
506 363 6140
507 389 5639
508 386 7077
509 367 6122
510 371 5625
511 367 6155
512 379 6715
513 370 5723
514 383 6268
515 374 6478
516 373 6367
517 384 5646
518 372 5362
519 389 6264
520 370 6019
521 387 6300
522 386 6308
523 379 6933
524 370 6651
525 372 6105
526 377 6337
527 378 6218
528 386 5989
529 380 5823
530 377 6036
531 395 5857
532 362 5639
533 377 5540
534 380 6849
535 380 6578
536 356 6148
537 373 5967
538 374 6676
539 365 5809
540 374 5908
541 363 7402
542 386 5697
543 375 5930
544 384 6158
545 378 6496
546 366 5980
547 379 6074
548 358 6555
549 374 6259
550 370 6444
551 374 6070
552 370 6070
553 372 6121
554 369 6260
555 365 6430
556 385 7094
557 364 5466
558 382 7161
559 362 6834
560 372 5440
561 379 5631
562 378 5914
563 372 6409
564 369 5591
565 379 5908
566 366 6406
567 381 5577
568 364 5949
569 370 5838
570 361 5965
571 385 5926
572 382 6303
573 384 5753
574 374 6466
575 359 6416
576 371 5705
577 368 6738
578 380 5880
579 367 5528
580 385 6035
581 388 5747
582 390 6090
583 377 5787
584 383 5051
585 391 6699
586 361 5953
587 387 5444
588 362 5856
589 378 5787
590 363 6028
591 377 6043
592 352 5912
593 405 5492
594 381 6744
595 383 5927
596 395 5964
597 387 6121
598 397 6702
599 388 6996
600 385 6094
601 393 6073
602 385 5749
603 381 4928
604 393 5771
605 389 6441
606 373 5657
607 399 5404
608 370 5803
609 400 5746
610 382 6677
611 404 6021
612 359 6656
613 396 5995
614 376 7227
615 393 5549
616 379 6850
617 393 5775
618 385 7098
619 375 5915
620 399 5605
621 380 4993
622 406 5775
623 397 5994
624 383 6310
625 394 5311
626 391 6258
627 390 6260
628 379 6072
629 394 5353
630 391 6018
631 390 5855
632 405 6361
633 398 5482
634 399 5826
635 383 6564
636 388 5989
637 393 5982
638 387 6032
639 380 6269
640 371 5989
641 389 5450
642 402 5256
643 377 6166
644 388 5629
645 381 5854
646 399 5613
647 385 6149
648 399 6242
649 388 6225
650 390 6113
651 383 6028
652 385 5923
653 390 7045
654 397 5982
655 385 5814
656 387 4722
657 389 6161
658 395 5405
659 395 5617
660 374 5930
661 396 5209
662 374 6069
663 408 6242
664 365 5662
665 405 5580
666 377 6356
667 401 6133
668 362 6792
669 390 5878
670 381 6026
671 386 5691
672 388 5910
673 382 5391
674 389 5333
675 389 6324
676 371 6336
677 386 5189
678 396 5162
679 396 5615
680 383 5752
681 395 6006
682 384 6668
683 393 6164
684 383 6042
685 369 5882
686 389 5527
687 385 6340
688 405 6463
689 375 6177
690 397 6305
691 369 6234
692 389 5387
693 380 6310
694 389 5572
695 390 6032
696 395 6360
697 376 6330
698 376 5631
699 403 5830
700 373 5910
701 392 5149
702 377 6030
703 385 6283
704 379 6126
705 399 6153
706 380 6133
707 392 5360
708 387 5971
709 400 5601
710 393 6443
711 382 5533
712 390 6566
713 378 6451
714 393 5663
715 390 5379
716 389 5284
717 386 5892
718 387 5940
719 382 5283
720 389 6296
721 402 6913
722 388 6275
723 373 5491
724 398 6055
725 378 5988
726 395 5054
727 385 5916
728 392 5215
729 391 5777
730 393 5630
731 390 5970
732 407 6025
733 375 6102
734 405 5519
735 400 6208
736 385 6093
737 392 5748
738 392 5801
739 390 6270
740 400 6642
741 382 6337
742 386 5548
743 404 5604
744 371 6091
745 401 5962
746 378 5292
747 391 5867
748 394 6280
749 371 5709
750 385 5126
751 403 5646
752 383 6455
753 393 5460
754 387 6371
755 400 6025
756 394 6375
757 383 5452
758 401 6054
759 376 5281
760 387 5462
761 397 6667
762 395 5994
763 380 5571
764 400 5486
765 394 5953
766 383 5293
767 394 5498
768 381 6656
769 393 6268
770 405 5742
771 395 6117
772 397 5126
773 390 5006
774 385 5756
775 390 5842
776 390 5911
777 370 6549
778 403 6008
779 392 6847
780 399 5744
781 394 6219
782 407 6381
783 367 6256
784 398 5611
785 373 5335
786 382 5625
787 396 5841
788 379 6041
789 403 5522
790 376 6347
791 387 5315
792 398 6241
793 391 6143
794 367 6323
795 394 5407
796 373 6093
797 404 6180
798 378 5734
799 383 5704
800 390 6362
801 385 6415
802 387 5616
803 381 5695
804 386 5877
805 356 5552
806 395 6326
807 362 6756
808 405 6338
809 390 5281
810 404 6495
811 379 6428
812 394 5924
813 395 6093
814 381 6076
815 395 6555
816 392 6381
817 366 6260
818 410 6085
819 374 7118
820 401 6230
821 386 6401
822 392 6444
823 371 6297
824 381 5565
825 393 6402
826 378 6718
827 387 5702
828 388 5756
829 383 5560
830 405 5221
831 385 5551
832 395 6212
833 396 6097
834 373 6003
835 405 6767
836 379 5994
837 386 5242
838 405 6705
839 379 6077
840 391 5269
841 397 6281
842 386 6623
843 389 6388
844 385 5864
845 382 5882
846 381 5499
847 373 5999
848 391 7040
849 378 6182
850 387 5653
851 385 6393
852 386 6681
853 389 5080
854 389 6319
855 374 6485
856 384 6351
857 376 5853
858 380 5205
859 390 5683
860 374 6003
861 380 5753
862 402 6942
863 389 6169
864 379 5448
865 386 6961
866 388 6116
867 386 6326
868 386 6095
869 402 5598
870 394 6044
871 375 6192
872 375 5517
873 393 5480
874 393 5883
875 387 5692
876 386 5902
877 397 6440
878 382 6784
879 392 5951
880 388 5727
881 372 5618
882 391 6028
883 381 5980
884 385 5510
885 392 6791
886 373 6299
887 396 6046
888 397 6172
889 394 6871
890 389 7236
891 387 6385
892 394 5445
893 384 5641
894 390 5426
895 384 5923
896 397 5477
897 380 6447
898 379 6463
899 379 6216
900 378 6057
901 381 6473
902 397 6909
903 369 6155
904 402 5989
905 374 5975
906 406 6422
907 366 6893
908 392 5920
909 407 6434
910 385 6230
911 403 6126
912 399 6097
913 385 6179
914 397 6722
915 376 6340
916 402 6213
917 360 6230
918 402 6009
919 370 6103
920 386 5730
921 373 6298
922 407 5967
923 385 6296
924 386 6535
925 392 6041
926 382 6225
927 402 6039
928 382 6438
929 395 6206
930 376 5959
931 382 5355
932 383 6663
933 381 5784
934 384 5286
935 376 5522
936 395 6530
937 364 6250
938 401 5176
939 377 6109
940 385 5338
941 387 6823
942 385 5472
943 388 6057
944 387 5566
945 399 6505
946 372 5446
947 403 5958
948 377 5947
949 398 5934
950 374 6166
951 382 6229
952 373 5677
953 387 5562
954 381 5903
955 385 5603
956 388 6569
957 373 5653
958 378 6457
959 379 6134
960 397 5571
961 387 6322
962 394 5604
963 397 6133
964 366 6366
965 390 5239
966 383 5779
967 372 5411
968 386 6212
969 380 5107
970 385 6380
971 383 5524
972 380 5405
973 382 5910
974 376 5750
975 379 6363
976 397 6060
977 393 6347
978 373 5966
979 385 6339
980 385 6343
981 393 6217
982 387 6525
983 384 6309
984 402 6621
985 362 6719
986 398 6131
987 376 5226
988 394 5328
989 371 6220
990 397 6223
991 363 6230
992 408 5570
993 367 6573
994 396 5949
995 368 6048
996 397 5323
997 378 6277
998 378 5534
999 373 4978
1000 370 4828
1 403 6140
2 386 6166
3 398 5936
4 391 6853
5 394 4493
6 395 6002
7 405 6046
8 394 6167
9 396 5955
10 378 5483
11 397 6119
12 385 6475
13 392 5575
14 397 6306
15 395 5976
16 402 5829
17 408 6247
18 394 6131
19 400 5786
20 398 6467
21 386 6172
22 388 6000
23 384 5655
24 393 6356
25 399 5912
26 408 5851
27 389 6092
28 397 5467
29 389 6047
30 377 5652
31 388 6254
32 387 6765
33 388 6672
34 400 6330
35 393 6824
36 400 5833
37 399 5683
38 381 6519
39 407 6368
40 392 6737
41 391 5777
42 396 5696
43 402 6350
44 393 6457
45 402 5520
46 402 5859
47 393 6339
48 395 6252
49 396 6284
50 401 6828
51 411 6965
52 376 5508
53 416 6277
54 376 7313
55 400 5767
56 386 6234
57 397 6765
58 393 6100
59 401 6271
60 381 6666
61 397 5703
62 391 5725
63 371 5988
64 395 6623
65 401 6772
66 396 6522
67 378 6318
68 403 5635
69 395 5498
70 388 5825
71 392 6299
72 391 5962
73 383 6245
74 398 6059
75 385 6247
76 398 5452
77 381 6497
78 393 5845
79 386 6591
80 392 5954
81 386 6392
82 389 6561
83 404 5652
84 384 7122
85 394 6400
86 382 7028
87 396 6663
88 376 6460
89 418 6024
90 388 6504
91 403 6190
92 404 6652
93 395 6018
94 398 6396
95 387 6291
96 387 5710
97 385 6186
98 387 6188
99 395 6107
100 386 5650
101 395 5359
102 384 6800
103 409 6538
104 370 6040
105 387 5970
106 407 6208
107 392 6905
108 402 6034
109 389 6086
110 390 6822
111 388 5772
112 404 6077
113 398 7189
114 383 6364
115 402 5953
116 375 6494
117 390 6065
118 389 6262
119 386 5997
120 386 6352
121 399 6163
122 392 5441
123 393 6385
124 402 6645
125 390 5817
126 404 5960
127 381 6949
128 379 5381
129 383 6886
130 388 6368
131 407 6550
132 372 5855
133 398 6334
134 401 5512
135 393 6350
136 380 5728
137 397 7166
138 377 6096
139 392 5253
140 395 6853
141 396 7051
142 411 6418
143 390 6617
144 389 5771
145 393 6193
146 400 6224
147 381 6118
148 405 5848
149 398 6650
150 395 6453
151 393 6504
152 380 7018
153 414 7019
154 393 6168
155 392 6252
156 394 6636
157 384 6395
158 393 6265
159 381 6225
160 404 6049
161 392 6483
162 389 6126
163 389 5891
164 406 5821
165 366 6578
166 397 5516
167 373 4817
168 409 6015
169 390 6645
170 397 5700
171 401 7051
172 387 6823
173 387 5603
174 412 5865
175 384 6538
176 411 6275
177 392 7007
178 394 6015
179 401 6601
180 400 6969
181 394 5595
182 403 4918
183 386 6491
184 392 6729
185 386 5885
186 411 6798
187 381 5878
188 402 6213
189 381 6936
190 409 6941
191 368 7209
192 409 6058
193 373 6126
194 401 5970
195 384 6561
196 401 6468
197 382 6323
198 394 6360
199 392 6575
200 397 5746
201 403 6433
202 387 6207
203 394 6792
204 390 7384
205 388 6901
206 401 6171
207 406 6593
208 385 6071
209 402 5629
210 386 6475
211 404 6172
212 380 6303
213 399 6632
214 380 5915
215 420 6117
216 381 6813
217 395 6028
218 388 6562
219 383 5626
220 414 6631
221 378 5835
222 390 4936
223 401 6856
224 392 6605
225 392 6148
226 383 6144
227 403 5656
228 380 6654
229 393 6200
230 391 5586
231 403 6181
232 376 6565
233 409 5722
234 388 6767
235 394 6177
236 391 6674
237 381 5759
238 400 6153
239 393 5963
240 393 6805
241 385 5735
242 399 5786
243 392 6040
244 382 7290
245 402 7014
246 391 6481
247 398 5755
248 399 6316
249 398 6259
250 390 6754
251 384 6842
252 392 5860
253 409 6872
254 371 6263
255 401 5004
256 382 6135
257 390 6092
258 378 6095
259 371 5167
260 391 6446
261 376 6297
262 387 6229
263 374 6660
264 369 6589
265 394 6369
266 366 5270
267 384 6537
268 371 6016
269 375 6016
270 371 6357
271 394 5992
272 375 6013
273 369 7193
274 367 6169
275 374 5950
276 380 6534
277 370 6501
278 377 6350
279 373 6172
280 376 5968
281 378 6835
282 378 6939
283 370 6103
284 383 6167
285 357 7026
286 395 6741
287 350 6777
288 371 5918
289 386 6477
290 373 6459
291 383 6335
292 366 6399
293 365 6895
294 370 6784
295 366 5681
296 382 5994
297 382 6615
298 359 6157
299 389 6510
300 370 6530
301 374 5649
302 375 6409
303 368 6765
304 369 5087
305 386 6097
306 370 7126
307 382 5662
308 372 6992
309 370 6049
310 379 6659
311 368 5570
312 387 6237
313 365 5752
314 386 6312
315 365 6577
316 393 6794
317 356 5625
318 361 5076
319 401 7584
320 361 6588
321 365 5718
322 381 7319
323 373 5983
324 381 6318
325 369 6579
326 389 6049
327 384 6097
328 374 5991
329 380 5945
330 381 6582
331 363 5613
332 384 6237
333 357 5676
334 366 6150
335 382 6210
336 378 5613
337 371 5927
338 365 5996
339 378 6136
340 386 5928
341 378 5960
342 360 5600
343 373 6081
344 361 6360
345 378 5222
346 369 6068
347 372 6817
348 363 6512
349 383 6045
350 350 6045
351 380 5904
352 375 6672
353 373 6670
354 372 7216
355 370 5927
356 378 6534
357 383 6909
358 383 5984
359 371 6616
360 381 6432
361 372 6015
362 370 5820
363 377 6290
364 386 5641
365 373 6423
366 355 6867
367 381 6627
368 360 6144
369 375 5915
370 354 5942
371 392 5504
372 385 6558
373 365 6414
374 387 5541
375 368 6108
376 371 5641
377 388 6190
378 364 5729
379 370 4838
380 394 6042
381 363 5970
382 377 5595
383 372 6604
384 368 5785
385 381 6219
386 365 5959
387 390 6212
388 371 7078
389 383 6071
390 377 6167
391 384 6777
392 380 6056
393 371 6283
394 367 5487
395 388 5931
396 376 6490
397 370 6618
398 393 5806
399 395 6678
400 380 6602
401 365 6017
402 366 5698
403 385 7419
404 352 6501
405 357 5750
406 368 6427
407 373 6576
408 363 5889
409 390 6654
410 387 6727
411 366 5742
412 371 5650
413 357 6682
414 388 6113
415 368 7696
416 395 6514
417 374 5710
418 384 6115
419 366 5644
420 379 5640
421 367 5730
422 381 6644
423 367 6074
424 367 6083
425 376 5952
426 362 6095
427 386 5770
428 361 6081
429 378 6497
430 367 5990
431 374 5980
432 373 6336
433 403 6076
434 379 6951
435 375 5716
436 383 5620
437 387 5954
438 361 6056
439 381 6984
440 356 6943
441 384 5099
442 374 6034
443 376 6074
444 368 5607
445 368 7124
446 374 6978
447 364 6633
448 387 6456
449 368 6397
450 382 5207
451 389 6709
452 361 5292
453 390 6111
454 370 6491
455 371 5340
456 375 5780
457 401 6536
458 373 6248
459 368 6123
460 373 6898
461 365 6322
462 382 6205
463 377 5307
464 366 6863
465 385 6374
466 380 6311
467 379 6095
468 375 5999
469 394 7112
470 372 6310
471 380 5668
472 365 6695
473 373 5296
474 371 6873
475 379 6515
476 377 5618
477 370 5843
478 380 5460
479 356 6043
480 378 5795
481 368 6709
482 383 6284
483 379 6658
484 372 6002
485 376 6474
486 365 6586
487 373 5773
488 382 6651
489 369 6537
490 390 5885
491 371 5887
492 370 5972
493 387 6222
494 382 5931
495 377 6029
496 381 7105
497 372 6091
498 380 5782
499 372 6981
500 381 6235
501 358 6414
502 364 5091
503 378 6470
504 377 6197
505 369 6029
506 387 6049
507 395 6533
508 372 6409
509 376 6384
510 388 6596
511 363 6199
512 385 6423
513 370 7104
514 378 6269
515 372 6019
516 362 5967
517 370 6601
518 380 6610
519 377 6393
520 385 5776
521 360 6513
522 403 6301
523 365 6033
524 385 6144
525 375 5545
526 374 5862
527 372 6066
528 386 5763
529 382 5177
530 376 5442
531 376 5632
532 371 6484
533 372 5477
534 369 5452
535 371 5952
536 373 5655
537 384 6492
538 386 5954
539 389 5061
540 371 5676
541 363 5161
542 382 5735
543 381 5692
544 367 6356
545 383 5538
546 403 6253
547 361 7028
548 381 6012
549 360 5943
550 388 6700
551 347 6189
552 392 5924
553 367 7096
554 376 5431
555 382 6392
556 370 6945
557 377 5651
558 362 6201
559 390 6448
560 367 7145
561 378 5542
562 381 6072
563 367 4946
564 381 5890
565 368 6110
566 360 5951
567 384 6138
568 378 6397
569 362 5428
570 366 5325
571 382 6616
572 370 5727
573 388 6524
574 381 6487
575 387 5299
576 387 5594
577 363 5658
578 388 6481
579 366 6522
580 371 5366
581 387 6992
582 366 6181
583 383 6863
584 377 7003
585 370 6373
586 372 6699
587 376 5951
588 372 5752
589 376 5785
590 372 6324
591 365 5947
592 371 6173
593 379 6821
594 376 6046
595 356 5881
596 387 5781
597 348 6070
598 395 5606
599 373 5979
600 366 5631
601 394 5846
602 381 5917
603 371 6261
604 405 6009
605 375 5759
606 387 5052
607 391 6097
608 385 6238
609 380 6441
610 391 6746
611 393 6673
612 387 6436
613 371 6049
614 391 6217
615 373 5720
616 383 5996
617 375 6189
618 374 6595
619 384 6520
620 360 5728
621 387 6324
622 387 6859
623 373 6439
624 386 5189
625 374 5778
626 379 5793
627 384 6025
628 382 5837
629 365 6538
630 388 6562
631 358 6170
632 390 5779
633 379 5935
634 381 5920
635 379 5277
636 396 6570
637 380 6107
638 386 5454
639 391 5731
640 373 5070
641 390 6273
642 361 5384
643 387 5568
644 392 5736
645 375 5436
646 392 6086
647 365 5874
648 400 5515
649 381 6337
650 396 5719
651 390 6251
652 381 6022
653 392 5359
654 365 5406
655 382 5555
656 375 7577
657 389 6324
658 393 5962
659 368 6327
660 387 5801
661 375 6667
662 381 5868
663 383 6094
664 383 6184
665 366 5729
666 388 5766
667 381 5720
668 360 6027
669 398 5884
670 388 6185
671 377 5409
672 389 6334
673 367 6149
674 373 5247
675 380 5499
676 384 5889
677 381 6252
678 386 5913
679 365 6293
680 388 5989
681 386 5627
682 384 5226
683 366 5795
684 395 6087
685 371 6408
686 391 5509
687 372 5719
688 382 5512
689 363 6199
690 385 6668
691 369 5709
692 388 5677
693 375 6834
694 373 5877
695 378 6441
696 386 6390
697 365 4904
698 389 5274
699 367 5599
700 378 6046
701 380 6055
702 388 4462
703 385 5509
704 382 6011
705 383 6357
706 382 6157
707 386 6092
708 383 6153
709 371 5995
710 384 5034
711 376 5462
712 382 5542
713 386 6436
714 382 5689
715 379 5831
716 376 5753
717 393 6371
718 388 5371
719 373 6174
720 372 5593
721 389 5590
722 367 6357
723 397 5103
724 372 5715
725 381 6016
726 381 6360
727 390 6046
728 382 5602
729 388 5995
730 376 6511
731 389 5708
732 382 5661
733 374 5715
734 376 5096
735 382 5193
736 383 5779
737 368 5803
738 380 5605
739 395 6354
740 385 6178
741 375 6178
742 384 6234
743 367 6018
744 387 5620
745 377 5899
746 387 5754
747 383 6082
748 371 6076
749 377 5867
750 380 6101
751 381 5426
752 369 5880
753 400 5732
754 376 5889
755 386 6083
756 382 5904
757 377 6500
758 389 5789
759 385 5610
760 379 5964
761 380 5982
762 365 6269
763 384 5543
764 375 5568
765 384 5245
766 385 5509
767 394 6214
768 373 6851
769 371 6294
770 387 5774
771 394 6764
772 355 5925
773 403 5762
774 367 6742
775 394 6107
776 368 6287
777 391 6007
778 374 6524
779 387 5888
780 376 4982
781 401 6258
782 370 6480
783 380 5932
784 361 6701
785 381 5852
786 385 5448
787 403 6442
788 374 5890
789 392 6115
790 367 4870
791 383 5622
792 368 6007
793 389 6549
794 364 6449
795 367 5668
796 378 6210
797 366 5946
798 382 6512
799 380 5846
800 379 5909
801 384 6523
802 373 5851
803 389 6341
804 383 6012
805 395 5906
806 377 5882
807 393 6817
808 356 6226
809 391 5266
810 368 6835
811 382 5450
812 384 6446
813 389 5680
814 373 5393
815 382 5884
816 387 5396
817 376 5630
818 377 5456
819 397 5611
820 382 6841
821 365 6496
822 381 5520
823 379 6600
824 371 6381
825 387 5731
826 377 5647
827 368 5457
828 376 5845
829 372 6276
830 375 5651
831 393 6087
832 374 6412
833 384 5462
834 385 5878
835 392 6355
836 385 5705
837 374 5171
838 359 5949
839 391 5958
840 374 5824
841 385 5213
842 371 6312
843 383 5749
844 367 6613
845 386 6189
846 381 5841
847 375 5871
848 379 5307
849 389 6280
850 400 5694
851 383 5897
852 391 6211
853 388 6202
854 374 6408
855 377 4857
856 378 6035
857 390 6227
858 376 5961
859 383 5835
860 369 5467
861 392 5988
862 384 5512
863 390 5468
864 399 5865
865 362 6107
866 374 5552
867 373 6714
868 388 5999
869 402 5935
870 368 5487
871 381 5467
872 370 5862
873 374 6024
874 370 5652
875 379 5575
876 384 6280
877 382 6125
878 377 5722
879 376 5386
880 395 6192
881 369 6205
882 383 5672
883 379 6151
884 378 6300
885 377 5968
886 382 6220
887 384 6403
888 399 5798
889 374 5700
890 388 5855
891 378 7128
892 388 5967
893 385 6029
894 382 6060
895 373 6024
896 378 6275
897 371 6125
898 380 5168
899 388 6523
900 382 5150
901 380 5124
902 376 5893
903 379 5018
904 387 5001
905 373 4909
906 386 6268
907 379 6304
908 392 6055
909 391 6110
910 396 6316
911 385 6186
912 380 6766
913 384 5901
914 383 5672
915 387 5244
916 387 5901
917 380 5746
918 402 6153
919 380 6680
920 399 5902
921 395 5695
922 399 6131
923 391 6176
924 376 5103
925 390 5954
926 378 6502
927 396 6310
928 380 5697
929 381 5915
930 374 5459
931 395 6025
932 374 5894
933 401 6155
934 376 5837
935 390 5206
936 391 6056
937 379 5590
938 391 5518
939 381 6201
940 393 5309
941 403 5922
942 370 6236
943 390 5776
944 368 6228
945 394 5804
946 371 6138
947 377 5646
948 385 5731
949 385 5771
950 387 5712
951 383 5814
952 401 5200
953 384 5596
954 387 5558
955 408 6701
956 383 5891
957 401 5971
958 381 5560
959 397 6175
960 374 6492
961 399 6345
962 383 6324
963 382 6421
964 401 6390
965 384 5809
966 387 5447
967 385 5979
968 395 5723
969 392 6209
970 381 5992
971 384 5468
972 403 5884
973 387 5488
974 396 6335
975 383 5685
976 405 5658
977 382 5972
978 386 5474
979 395 6137
980 393 5649
981 384 6106
982 385 6424
983 409 6394
984 385 6709
985 393 5564
986 387 6061
987 402 5615
988 391 6040
989 394 5200
990 386 5423
991 402 6261
992 375 5917
993 383 5360
994 378 6684
995 383 5626
996 370 5254
997 397 5958
998 368 6045
999 376 4617
1000 382 4108
