1 410 4954
2 375 6087
3 397 5654
4 371 5851
5 401 5993
6 386 6008
7 394 5466
8 379 5619
9 374 5893
10 394 5533
11 382 5539
12 391 5286
13 380 6376
14 385 6434
15 381 5705
16 383 5205
17 397 6367
18 392 6419
19 389 5945
20 389 6484
21 392 6077
22 383 5821
23 385 6178
24 381 6250
25 411 6789
26 393 6186
27 386 6190
28 393 6474
29 386 5519
30 377 5856
31 398 6104
32 367 5930
33 399 5341
34 394 5860
35 385 6060
36 385 6083
37 382 5900
38 377 5804
39 410 6817
40 378 6078
41 389 5943
42 391 6105
43 387 6348
44 382 5613
45 395 6386
46 398 6110
47 399 5814
48 380 6074
49 386 5793
50 395 6482
51 390 5694
52 401 5281
53 386 5143
54 393 5892
55 390 6386
56 391 5427
57 388 5772
58 365 6279
59 409 5475
60 398 5884
61 407 5891
62 387 5707
63 396 6575
64 382 6162
65 388 5851
66 395 6001
67 380 6000
68 394 5887
69 407 6234
70 366 6414
71 402 5912
72 389 6513
73 386 5838
74 385 5615
75 401 5701
76 387 6085
77 399 6098
78 390 5520
79 381 6278
80 390 6592
81 386 5802
82 398 6403
83 386 6815
84 408 6458
85 403 6202
86 385 6198
87 387 5982
88 389 6331
89 380 5730
90 384 5889
91 394 6513
92 393 6979
93 389 5945
94 383 5669
95 391 6108
96 401 6373
97 387 5221
98 395 6005
99 376 5570
100 372 4931
1 399 5456
2 379 6220
3 393 6349
4 390 6015
5 408 5935
6 381 6474
7 394 5977
8 380 6754
9 398 5704
10 403 6575
11 407 6454
12 370 5673
13 388 6388
14 391 5622
15 390 5938
16 390 5402
17 383 5417
18 389 6249
19 397 5992
20 367 5350
21 413 5851
22 380 6557
23 406 6142
24 389 6183
25 391 7067
26 375 5986
27 377 5921
28 385 5222
29 396 6555
30 385 5929
31 409 5911
32 379 6710
33 388 5948
34 391 5778
35 387 6006
36 394 5839
37 383 6439
38 399 5820
39 384 5865
40 380 5914
41 384 6640
42 397 6704
43 384 6135
44 406 6593
45 378 5728
46 401 5823
47 386 6477
48 389 5915
49 402 6458
50 391 5862
51 370 6125
52 365 6201
53 395 6137
54 387 6304
55 406 5891
56 381 6272
57 400 5190
58 375 5980
59 383 5692
60 393 6008
61 383 6271
62 380 5200
63 396 6130
64 391 6141
65 376 6373
66 382 6460
67 384 6015
68 379 6040
69 393 5799
70 392 6047
71 380 5640
72 370 6358
73 401 6087
74 384 6401
75 389 5843
76 392 7168
77 386 6159
78 387 5567
79 380 5603
80 384 6473
81 374 5680
82 397 5683
83 383 6344
84 397 5888
85 374 6724
86 405 5321
87 381 5122
88 399 6158
89 375 6435
90 407 5957
91 374 6415
92 393 5647
93 384 5478
94 397 5667
95 369 6401
96 379 5990
97 396 6601
98 395 6741
99 365 5486
100 368 5269
1 380 5615
2 376 5697
3 402 6485
4 369 5965
5 380 6290
6 386 6071
7 389 6108
8 365 6074
9 384 5656
10 381 5954
11 381 5895
12 369 5656
13 377 5524
14 388 6641
15 366 6146
16 383 5918
17 364 5875
18 387 5274
19 396 6644
20 376 6106
21 372 6189
22 382 6027
23 381 6263
24 375 6129
25 370 5430
26 386 6225
27 374 5618
28 382 6810
29 370 6047
30 383 5508
31 390 5927
32 379 6233
33 383 6526
34 383 5299
35 373 5534
36 365 5765
37 390 5732
38 374 5606
39 373 6137
40 380 6168
41 372 6188
42 375 5981
43 367 5703
44 386 6759
45 365 6746
46 378 5352
47 377 6240
48 381 6224
49 358 6124
50 386 6113
51 379 5577
52 374 6331
53 361 5780
54 394 6826
55 371 6490
56 385 6405
57 377 6238
58 391 5912
59 358 5832
60 392 5788
61 369 6459
62 383 6022
63 365 6156
64 380 5694
65 363 6075
66 379 5983
67 371 6504
68 370 5894
69 377 5273
70 380 5577
71 376 6080
72 387 6378
73 354 6036
74 384 5828
75 366 6276
76 388 5967
77 373 5825
78 380 7469
79 378 6240
80 386 6093
81 372 6496
82 378 6054
83 375 6324
84 381 6162
85 384 6258
86 378 5554
87 391 6557
88 356 5641
89 387 5747
90 383 6534
91 374 6262
92 377 5957
93 384 6619
94 373 6700
95 366 5905
96 375 5767
97 374 6083
98 375 5732
99 367 5620
100 363 4816
