1 391 6182
2 373 6816
3 394 6415
4 367 5988
5 386 5571
6 403 7052
7 400 6566
8 408 6923
9 377 6577
10 390 6706
11 393 6667
12 392 6863
13 379 6621
14 403 6368
15 376 6534
16 374 7008
17 388 7238
18 381 6359
19 382 6412
20 381 6575
21 395 7411
22 381 7126
23 385 6313
24 387 6485
25 387 6498
26 392 6972
27 374 6417
28 400 6680
29 386 6783
30 393 6416
31 390 6114
32 383 6904
33 389 6317
34 398 6475
35 386 6598
36 378 6670
37 400 6048
38 390 6682
39 381 6128
40 396 6744
41 394 6306
42 375 6883
43 378 7329
44 374 7774
45 387 6697
46 382 6176
47 393 6586
48 368 6704
49 398 6381
50 379 7412
51 388 6655
52 380 7026
53 391 7119
54 386 6396
55 380 6778
56 398 5785
57 382 5490
58 381 6219
59 395 6851
60 370 6503
61 406 6277
62 373 7571
63 407 7017
64 395 6237
65 397 6418
66 405 6557
67 381 6169
68 381 5878
69 388 7208
70 380 7294
71 384 7166
72 392 7070
73 355 6442
74 394 6031
75 380 6344
76 383 6308
77 405 6382
78 401 6740
79 388 7444
80 378 6273
81 396 6240
82 401 7075
83 381 6093
84 392 6066
85 395 6716
86 369 7100
87 382 7029
88 375 7138
89 392 6338
90 394 6973
91 395 7627
92 381 7474
93 395 7243
94 385 6867
95 399 6198
96 381 6625
97 388 6603
98 393 6853
99 372 6077
100 356 5230
1 398 6022
2 391 6649
3 387 6446
4 395 6251
5 407 6475
6 391 7091
7 396 6695
8 403 6917
9 398 7115
10 407 6585
11 396 6461
12 402 6536
13 411 6218
14 421 5727
15 401 6333
16 400 6467
17 391 6451
18 404 6620
19 403 6680
20 406 6136
21 397 6226
22 384 6106
23 402 6730
24 397 7154
25 401 5808
26 387 6282
27 406 6354
28 387 6321
29 414 6539
30 377 6917
31 404 6405
32 406 7204
33 415 6408
34 381 6442
35 399 7040
36 383 6804
37 411 6689
38 394 7178
39 408 6585
40 408 6604
41 408 6073
42 411 6928
43 398 6603
44 396 7595
45 409 6652
46 402 6996
47 399 6834
48 392 7327
49 415 7448
50 411 6762
51 408 6344
52 407 6406
53 399 6622
54 400 7040
55 415 6349
56 392 7214
57 418 6728
58 403 7710
59 417 6527
60 398 5989
61 417 6269
62 409 7206
63 403 6488
64 411 6657
65 395 6182
66 401 7042
67 422 7086
68 431 7640
69 398 7034
70 406 6485
71 415 6720
72 399 7073
73 416 7012
74 407 7171
75 401 6135
76 413 6770
77 394 6912
78 417 6271
79 416 6324
80 417 6496
81 411 6297
82 406 6462
83 405 6708
84 412 6695
85 402 6010
86 398 5953
87 403 7028
88 392 6605
89 402 7554
90 398 7094
91 396 6833
92 414 6156
93 409 6687
94 392 6670
95 401 5717
96 396 7134
97 391 6896
98 413 6915
99 394 6217
100 399 5512
1 401 6063
2 394 6770
3 372 6000
4 408 6302
5 373 6647
6 386 6341
7 381 6587
8 401 6640
9 378 6207
10 391 6467
11 381 6177
12 401 6479
13 394 6662
14 372 6406
15 394 6690
16 383 6608
17 384 6209
18 374 6608
19 399 6732
20 380 6160
21 395 6742
22 382 6194
23 394 6951
24 380 7098
25 389 6805
26 388 6485
27 374 6342
28 390 5599
29 402 6963
30 386 7020
31 398 6214
32 395 6527
33 380 5644
34 395 6866
35 387 7110
36 393 7368
37 382 7386
38 385 5965
39 389 6255
40 386 6258
41 379 6078
42 394 5999
43 393 6933
44 372 6959
45 394 5941
46 383 6912
47 397 6135
48 389 6185
49 391 6410
50 387 6482
51 381 6763
52 384 6215
53 397 7121
54 377 5842
55 397 5876
56 389 7077
57 394 6552
58 382 5766
59 391 6375
60 392 6244
61 391 6214
62 382 6559
63 406 6454
64 382 5761
65 390 6273
66 372 6436
67 375 6068
68 386 6162
69 395 6133
70 375 6684
71 393 6256
72 390 6734
73 400 6495
74 392 6684
75 402 7118
76 394 7228
77 370 6604
78 395 6638
79 381 7022
80 379 6509
81 389 7535
82 374 7190
83 401 6686
84 377 6830
85 400 6209
86 399 6316
87 392 6121
88 392 6422
89 386 6192
90 388 6655
91 390 7036
92 372 6283
93 389 5784
94 371 6723
95 382 6769
96 390 7273
97 386 6158
98 401 6105
99 381 5947
100 365 5026
