1 401 6626
2 412 6626
3 392 6957
4 405 7159
5 388 7507
6 387 6206
7 386 6905
8 402 6616
9 399 6954
10 417 6940
11 388 6526
12 397 7156
13 380 7289
14 400 7239
15 391 6520
16 399 7050
17 416 7506
18 392 6602
19 407 6409
20 401 6875
21 402 6238
22 396 6262
23 398 6269
24 387 6431
25 406 6551
26 394 7168
27 379 7374
28 399 6886
29 400 7093
30 411 6503
31 384 7516
32 399 6614
33 390 7284
34 398 7254
35 401 6797
36 400 7270
37 389 6912
38 409 6179
39 405 6656
40 395 7274
41 390 6515
42 384 6801
43 410 5750
44 412 7245
45 399 7225
46 392 5933
47 402 7633
48 384 6958
49 402 6496
50 385 7130
51 397 7195
52 374 7115
53 394 6157
54 403 6130
55 383 7604
56 389 6521
57 399 7480
58 409 6960
59 388 6903
60 402 6631
61 404 6903
62 397 6775
63 383 6882
64 378 6192
65 393 6030
66 386 7447
67 390 6968
68 398 7203
69 401 7592
70 404 6573
71 406 6984
72 401 6967
73 395 7046
74 388 7021
75 408 6787
76 397 7012
77 397 7343
78 390 6997
79 393 6021
80 408 6675
81 382 7533
82 400 7069
83 389 7431
84 403 7326
85 398 7326
86 398 6912
87 379 6724
88 408 6307
89 405 7573
90 387 7007
91 400 6643
92 397 7337
93 403 7305
94 416 7132
95 401 6973
96 411 6983
97 379 7090
98 399 6817
99 385 6664
100 401 6540
101 388 7135
102 381 7524
103 411 6819
104 391 6460
105 385 6438
106 398 7006
107 383 6748
108 397 6065
109 387 6765
110 386 6164
111 426 6730
112 395 6552
113 389 7307
114 409 6417
115 382 7299
116 414 7489
117 398 6356
118 401 6420
119 394 7585
120 396 6991
121 393 6482
122 385 7006
123 394 6542
124 391 6804
125 382 5915
126 400 7274
127 364 7053
128 399 5551
129 380 6804
130 403 6852
131 394 6556
132 395 6697
133 398 5582
134 403 7197
135 404 6743
136 392 7148
137 395 6542
138 402 6515
139 391 6887
140 398 6390
141 384 6950
142 404 6218
143 377 7200
144 402 6289
145 411 6207
146 399 6244
147 402 7065
148 384 6921
149 406 6449
150 397 7196
151 401 6324
152 391 6690
153 414 6367
154 400 6451
155 398 6133
156 391 6406
157 387 7148
158 392 6271
159 401 6857
160 386 7346
161 367 6805
162 407 6614
163 403 6575
164 399 6048
165 410 7890
166 391 6784
167 385 6739
168 396 5443
169 387 6301
170 413 6721
171 367 6934
172 404 6097
173 399 6808
174 404 6727
175 406 6519
176 379 6645
177 402 5617
178 397 6210
179 403 7168
180 393 7113
181 394 6567
182 399 6770
183 417 6905
184 403 5952
185 401 6797
186 390 7452
187 395 5852
188 414 6924
189 399 6561
190 398 7440
191 393 6827
192 394 6490
193 385 6731
194 404 7175
195 395 7044
196 394 7308
197 388 7002
198 412 7037
199 389 7275
200 397 6682
201 395 6714
202 399 6761
203 394 7455
204 404 6385
205 408 7000
206 395 7232
207 391 6464
208 405 6524
209 402 6322
210 406 6581
211 403 7493
212 398 6994
213 389 7044
214 400 6082
215 410 6733
216 404 6359
217 403 6401
218 399 6202
219 389 6856
220 382 6803
221 404 6297
222 401 6558
223 394 6483
224 376 7086
225 401 6873
226 395 6580
227 402 6975
228 390 7043
229 406 6695
230 406 6592
231 400 7413
232 396 6136
233 401 6765
234 400 7580
235 404 7486
236 403 7476
237 386 6722
238 409 6818
239 365 6697
240 411 6022
241 394 7304
242 401 6409
243 391 6375
244 388 6355
245 412 6893
246 408 6878
247 385 5875
248 401 6194
249 384 6526
250 379 6833
251 396 6616
252 385 6357
253 409 5956
254 394 6798
255 386 6953
256 399 6890
257 392 6566
258 422 6982
259 374 7462
260 398 6055
261 415 6746
262 406 6900
263 393 8009
264 408 6571
265 397 7567
266 400 6567
267 387 6989
268 391 6702
269 411 7268
270 382 6172
271 427 6218
272 389 7108
273 396 6870
274 416 7256
275 393 6423
276 378 7301
277 394 6452
278 413 7061
279 410 6949
280 395 6915
281 406 6698
282 384 5981
283 407 7315
284 394 7319
285 399 6542
286 410 5964
287 399 6599
288 417 6922
289 401 7146
290 390 7046
291 394 6286
292 390 6923
293 404 6982
294 401 6520
295 414 7830
296 381 6390
297 414 7209
298 396 6937
299 396 5842
300 402 6210
301 419 7314
302 403 7351
303 408 6971
304 393 6906
305 404 6106
306 411 6482
307 390 6528
308 396 6462
309 399 7111
310 382 7417
311 402 7601
312 406 5946
313 388 6952
314 399 6346
315 393 7396
316 402 7601
317 423 7183
318 397 6468
319 409 6446
320 398 7082
321 389 6400
322 414 7080
323 391 7425
324 413 7037
325 392 6342
326 387 7005
327 412 7036
328 400 6548
329 402 6919
330 405 7019
331 391 7131
332 406 7336
333 395 7039
334 385 6286
335 407 5865
336 374 6690
337 409 6589
338 386 6639
339 404 6406
340 393 6419
341 399 7197
342 388 6284
343 404 6819
344 375 8349
345 402 6412
346 394 7053
347 399 7646
348 406 8065
349 392 7813
350 398 6670
351 405 7213
352 387 7226
353 413 6374
354 393 6450
355 416 7330
356 395 7231
357 404 6419
358 394 7375
359 399 6264
360 403 6654
361 410 7469
362 390 7469
363 419 6511
364 407 6548
365 400 6042
366 406 6370
367 409 7046
368 408 6901
369 403 6456
370 397 6731
371 411 6527
372 410 7057
373 394 6971
374 386 6300
375 414 6204
376 370 5981
377 405 5898
378 398 6209
379 410 6294
380 394 7151
381 405 5638
382 397 7343
383 403 7241
384 389 7150
385 394 6212
386 403 6661
387 401 6877
388 403 6517
389 393 7090
390 403 7226
391 400 6651
392 397 6597
393 384 6522
394 411 7193
395 391 7654
396 409 6283
397 396 6396
398 401 6495
399 372 6828
400 406 6710
401 390 7681
402 396 6127
403 411 7437
404 374 6729
405 415 6223
406 369 6768
407 414 6000
408 406 6385
409 407 6840
410 401 6938
411 404 6666
412 402 6960
413 418 7535
414 402 6755
415 383 6443
416 394 7177
417 390 7056
418 400 7151
419 390 6313
420 394 5906
421 386 6879
422 395 6846
423 403 6421
424 406 7046
425 397 6455
426 403 6859
427 401 6395
428 407 7036
429 384 6411
430 415 5930
431 381 6058
432 404 6244
433 386 6833
434 405 6610
435 398 6188
436 424 5961
437 392 7984
438 401 6235
439 397 6413
440 403 6949
441 400 6953
442 402 6536
443 389 6319
444 408 6545
445 394 6515
446 406 6146
447 401 7072
448 383 7024
449 401 6948
450 384 6868
451 398 6792
452 396 7541
453 409 6971
454 392 6938
455 413 7034
456 397 6269
457 409 6318
458 405 7402
459 402 6508
460 402 6866
461 378 7081
462 406 6781
463 399 5997
464 396 6685
465 396 5734
466 405 6237
467 387 6821
468 393 7033
469 399 6411
470 397 7356
471 408 6781
472 389 6510
473 405 6939
474 399 7405
475 394 6649
476 407 6781
477 383 7280
478 410 6654
479 401 6854
480 390 6820
481 403 6393
482 399 6934
483 393 6593
484 403 6346
485 397 6664
486 411 6208
487 395 6253
488 406 6855
489 402 7422
490 400 6871
491 397 7213
492 385 6863
493 409 6699
494 394 7123
495 414 7112
496 401 6770
497 412 5823
498 398 6867
499 390 6162
500 412 6965
501 400 6962
502 407 6389
503 390 7462
504 409 6010
505 407 6522
506 397 6120
507 412 6869
508 398 6130
509 399 5464
510 392 5941
511 397 7290
512 399 7050
513 401 6639
514 385 6473
515 406 5783
516 399 6539
517 398 6491
518 403 7059
519 377 7346
520 406 7426
521 410 7082
522 419 6277
523 390 6522
524 400 6031
525 397 7451
526 411 6217
527 412 6999
528 409 6269
529 407 6816
530 399 6525
531 400 7040
532 395 6669
533 386 6519
534 410 5868
535 416 6900
536 412 6227
537 402 6018
538 409 6140
539 422 6673
540 415 6362
541 403 6793
542 404 6673
543 400 7039
544 393 6308
545 410 7034
546 399 6665
547 418 7355
548 403 6902
549 401 6782
550 413 6530
551 413 6239
552 404 6162
553 418 7197
554 402 6022
555 402 6655
556 427 6930
557 410 6257
558 424 7091
559 404 6781
560 405 6664
561 411 7435
562 408 7350
563 420 6877
564 401 6641
565 414 6725
566 412 5850
567 415 6248
568 416 7425
569 407 6722
570 399 7882
571 418 7330
572 402 7251
573 400 6909
574 412 6649
575 414 6553
576 406 6474
577 399 6401
578 394 6921
579 428 7106
580 420 7260
581 414 7136
582 419 7110
583 402 6435
584 413 6549
585 397 6608
586 412 6207
587 414 6083
588 413 5978
589 409 5957
590 390 6070
591 423 6217
592 401 6374
593 402 6952
594 388 6975
595 413 6546
596 403 7198
597 379 6500
598 386 6517
599 386 6483
600 409 7026
601 414 6392
602 405 5968
603 406 6169
604 407 6572
605 390 7265
606 412 7056
607 394 6503
608 406 7177
609 395 7054
610 402 7093
611 407 6542
612 395 6262
613 403 6390
614 410 6766
615 410 6713
616 414 7069
617 393 6225
618 409 6767
619 386 6755
620 408 6333
621 410 6824
622 405 6882
623 401 7170
624 404 6687
625 403 6905
626 411 6799
627 403 5961
628 400 6996
629 398 6838
630 416 6328
631 390 6146
632 419 5570
633 413 6374
634 413 6941
635 409 6691
636 405 6264
637 411 7506
638 399 7192
639 409 6545
640 410 6484
641 400 6295
642 389 5674
643 401 5680
644 389 6054
645 398 6066
646 382 6353
647 408 6265
648 397 6660
649 395 6432
650 400 5691
651 399 6577
652 398 6603
653 385 6398
654 388 6102
655 412 6663
656 381 7166
657 397 6082
658 390 7318
659 394 6823
660 398 6977
661 398 5735
662 402 5777
663 403 6018
664 381 6582
665 400 5592
666 409 6522
667 404 6184
668 417 6333
669 393 5971
670 412 6530
671 397 6741
672 390 5595
673 391 5475
674 410 6528
675 386 6152
676 406 6712
677 382 6951
678 414 6457
679 390 6417
680 397 5936
681 404 6857
682 394 6697
683 403 6682
684 398 7000
685 404 6399
686 381 6055
687 416 7484
688 396 7455
689 409 6256
690 389 6120
691 405 6573
692 394 6941
693 393 5609
694 399 6573
695 386 7045
696 395 7317
697 407 5994
698 390 6332
699 395 6667
700 384 6167
701 399 6160
702 401 7007
703 387 6488
704 410 6486
705 396 6616
706 403 7320
707 388 7343
708 399 6143
709 401 7391
710 393 7022
711 402 6316
712 385 6535
713 410 6085
714 392 6598
715 391 6830
716 405 6426
717 409 6323
718 407 6537
719 407 5977
720 404 6751
721 387 7131
722 418 6843
723 394 7164
724 399 6066
725 408 7381
726 388 6804
727 416 7107
728 404 6706
729 419 6905
730 396 6117
731 387 7279
732 408 6163
733 401 7580
734 398 6199
735 410 7508
736 384 6507
737 413 6650
738 379 7437
739 410 7076
740 393 7234
741 402 6814
742 400 6580
743 401 7117
744 403 6095
745 377 6611
746 407 5719
747 406 6701
748 391 6767
749 393 5779
750 392 6866
751 397 6958
752 399 6388
753 396 7228
754 408 6753
755 392 7000
756 405 6525
757 399 6582
758 408 6345
759 410 6675
760 396 6422
761 400 5895
762 407 6196
763 394 6249
764 387 6699
765 404 6778
766 411 6114
767 404 6452
768 392 6436
769 420 6455
770 401 6956
771 394 6125
772 414 5986
773 394 6356
774 381 6656
775 402 7310
776 388 6357
777 401 6578
778 389 7048
779 396 6419
780 407 6582
781 397 6269
782 418 6363
783 407 6896
784 403 6602
785 396 7034
786 397 7030
787 410 6684
788 382 6688
789 410 6093
790 408 6837
791 401 6700
792 402 6456
793 396 6420
794 427 6479
795 409 5679
796 405 7086
797 415 6786
798 404 7015
799 399 6570
800 390 6735
801 403 6207
802 392 6784
803 421 5900
804 402 6611
805 392 6791
806 401 6774
807 399 7672
808 408 6554
809 413 7050
810 379 6883
811 402 6906
812 375 6854
813 402 5698
814 419 6506
815 383 6625
816 404 5732
817 393 6983
818 402 7099
819 389 6750
820 398 7065
821 397 7402
822 408 6322
823 410 6632
824 411 6331
825 388 6815
826 389 5813
827 411 6633
828 386 7413
829 393 6401
830 393 6698
831 405 6629
832 397 6591
833 400 6972
834 394 6407
835 404 6899
836 394 6568
837 398 6257
838 411 7193
839 387 6345
840 412 6128
841 415 7136
842 416 6500
843 391 6903
844 406 5997
845 399 6972
846 397 6755
847 408 6359
848 404 6755
849 398 6237
850 398 6250
851 398 6179
852 407 6507
853 400 6206
854 403 6301
855 398 7161
856 398 7246
857 400 6732
858 397 6668
859 407 5942
860 411 6520
861 397 7076
862 413 6767
863 411 6783
864 408 6659
865 404 7503
866 401 6159
867 395 7182
868 392 7470
869 400 6816
870 378 6695
871 402 6401
872 407 6117
873 394 6012
874 398 6467
875 407 7148
876 385 7446
877 399 6707
878 390 6937
879 395 6934
880 399 7223
881 396 6426
882 399 7282
883 405 6792
884 419 6561
885 413 6124
886 405 6651
887 403 6024
888 412 7075
889 399 7584
890 410 5975
891 399 6384
892 406 7283
893 393 7057
894 399 6500
895 379 6810
896 393 7076
897 396 6080
898 409 6775
899 401 7181
900 398 6648
901 400 6565
902 390 6874
903 406 6647
904 389 6743
905 401 6970
906 387 6544
907 397 6265
908 382 6291
909 398 7177
910 397 7173
911 396 6578
912 392 6938
913 405 6895
914 391 7126
915 408 6553
916 387 7243
917 405 6706
918 423 7139
919 386 6812
920 419 6697
921 389 7539
922 400 6652
923 407 6549
924 402 6172
925 399 6943
926 392 6265
927 405 6510
928 408 6994
929 385 6489
930 407 6486
931 395 6842
932 415 6663
933 420 7061
934 394 6729
935 397 6311
936 397 6029
937 386 6202
938 398 6264
939 398 6264
940 382 6712
941 399 6532
942 383 7101
943 408 5819
944 404 6498
945 393 6806
946 405 6422
947 404 6330
948 405 6589
949 391 6927
950 396 6163
951 398 6658
952 385 7289
953 394 6653
954 389 6989
955 419 6959
956 407 6320
957 395 6782
958 405 6369
959 401 7340
960 401 6902
961 405 6714
962 408 6404
963 407 6826
964 414 6582
965 409 6403
966 404 7970
967 409 7347
968 395 7454
969 402 7176
970 410 6422
971 395 7322
972 407 6352
973 403 7305
974 394 6733
975 410 6430
976 392 6659
977 396 6092
978 406 7130
979 394 7042
980 403 6623
981 412 7734
982 400 7116
983 401 6840
984 393 6938
985 402 7382
986 397 6352
987 396 6934
988 388 6865
989 396 6463
990 400 6753
991 414 6711
992 407 6941
993 411 7136
994 400 6449
995 400 6162
996 397 7127
997 393 6817
998 386 6394
999 399 6169
1000 382 5831
1 397 5251
2 376 6671
3 388 6456
4 376 6638
5 394 7264
6 388 7729
7 386 6841
8 396 7144
9 372 6913
10 392 6607
11 378 6506
12 390 6980
13 375 6896
14 400 6524
15 375 6668
16 388 6285
17 386 7338
18 389 6307
19 391 6308
20 392 6463
21 383 6703
22 402 7407
23 390 7179
24 398 6871
25 395 5468
26 390 6471
27 379 6902
28 387 7077
29 383 7192
30 378 7109
31 395 6972
32 387 7026
33 380 6604
34 396 6961
35 377 6656
36 408 6903
37 390 6185
38 386 6182
39 407 6008
40 394 7151
41 395 6623
42 371 6957
43 396 6199
44 369 7028
45 400 7553
46 375 6134
47 392 5803
48 383 6601
49 381 6901
50 374 7644
51 388 6337
52 379 7163
53 393 6539
54 398 6595
55 388 7008
56 387 7276
57 365 6609
58 400 6117
59 384 6029
60 383 6230
61 389 7033
62 370 6116
63 393 7180
64 382 6803
65 383 5472
66 394 7078
67 379 7610
68 387 6682
69 385 6602
70 394 6162
71 366 7009
72 393 6640
73 392 6792
74 389 6871
75 385 7027
76 396 6342
77 388 6288
78 403 6105
79 370 7332
80 402 6607
81 401 6612
82 397 6957
83 387 7004
84 389 7114
85 400 7070
86 381 7089
87 401 6969
88 374 7207
89 390 5474
90 374 6432
91 390 6435
92 388 6450
93 391 6711
94 379 7296
95 379 5922
96 384 6759
97 390 7050
98 380 6695
99 390 6523
100 383 6704
101 389 6926
102 394 7513
103 382 6638
104 398 6394
105 380 7151
106 389 7165
107 384 7552
108 394 6974
109 379 6483
110 381 6753
111 399 6680
112 385 6919
113 399 6926
114 386 7020
115 388 6911
116 372 7427
117 378 5989
118 397 6774
119 382 7082
120 393 5960
121 388 6976
122 391 5892
123 394 6807
124 388 7066
125 394 6670
126 373 7158
127 396 7199
128 368 7209
129 392 5650
130 391 6848
131 380 7649
132 378 6386
133 387 6478
134 396 7352
135 376 6784
136 409 6878
137 384 6797
138 378 6965
139 391 7437
140 388 6288
141 397 6912
142 383 6799
143 381 6718
144 397 6752
145 399 7080
146 388 7448
147 388 6507
148 395 6911
149 390 7301
150 385 6845
151 374 6620
152 410 6254
153 367 7076
154 404 6372
155 354 7394
156 396 6844
157 391 6555
158 382 5637
159 399 6872
160 393 5956
161 385 6769
162 387 6825
163 367 6481
164 404 6576
165 380 7263
166 380 6575
167 396 6821
168 370 6859
169 401 6578
170 386 7158
171 378 6504
172 396 5927
173 390 7312
174 390 6725
175 389 6559
176 393 6628
177 384 6259
178 386 7067
179 371 6840
180 397 6190
181 398 6232
182 393 6597
183 389 6404
184 390 6428
185 385 6574
186 385 7029
187 398 7143
188 367 6860
189 386 7145
190 371 5991
191 391 7070
192 381 7161
193 389 6252
194 376 6476
195 413 6956
196 386 6885
197 396 7015
198 382 6945
199 385 6283
200 403 6852
201 385 6226
202 381 6703
203 378 6945
204 400 5945
205 387 6221
206 391 7351
207 381 7205
208 396 7004
209 390 7257
210 376 6596
211 392 6063
212 400 6372
213 378 5994
214 378 6699
215 394 6233
216 399 6104
217 367 6256
218 395 5205
219 389 7015
220 384 6590
221 394 6631
222 403 7000
223 377 5951
224 418 6685
225 402 6696
226 398 6675
227 398 7258
228 418 6704
229 376 6201
230 428 6686
231 381 6949
232 406 6876
233 405 6313
234 395 6226
235 404 6990
236 397 6938
237 407 6506
238 412 6190
239 396 7494
240 402 7207
241 414 6987
242 415 7296
243 404 6899
244 404 7131
245 409 6780
246 396 5939
247 406 6805
248 418 6979
249 409 6643
250 402 6126
251 411 6545
252 400 6961
253 421 6640
254 405 5724
255 406 7037
256 387 6824
257 407 6272
258 393 7626
259 408 6437
260 417 7283
261 391 5860
262 422 6828
263 386 7103
264 417 5814
265 396 7208
266 409 7027
267 394 7629
268 389 5827
269 404 6642
270 399 6793
271 378 6322
272 404 6489
273 389 6592
274 421 6407
275 392 6953
276 409 6886
277 408 7292
278 374 6719
279 400 5509
280 410 6369
281 391 5707
282 408 6699
283 406 7469
284 415 6880
285 406 6708
286 401 6230
287 395 6361
288 407 6836
289 403 7313
290 411 7025
291 400 7229
292 408 5908
293 414 6301
294 403 6876
295 423 6084
296 410 5891
297 421 6074
298 409 6351
299 402 5919
300 394 6650
301 413 6777
302 411 6353
303 403 6050
304 426 6234
305 408 6351
306 406 7112
307 400 6889
308 395 5999
309 397 7175
310 387 7397
311 393 7700
312 397 6545
313 383 6357
314 413 6487
315 397 7438
316 413 6142
317 407 5985
318 406 6567
319 403 6863
320 408 6763
321 395 6866
322 412 5518
323 421 6063
324 404 6534
325 392 6123
326 408 6074
327 407 6460
328 398 6520
329 416 6752
330 392 6237
331 400 6580
332 385 6349
333 411 6829
334 394 6708
335 414 6422
336 395 6704
337 404 5905
338 402 6077
339 406 6338
340 389 6440
341 399 5998
342 403 6803
343 404 6863
344 406 6752
345 409 6391
346 395 7534
347 390 7088
348 413 6540
349 390 6340
350 394 6539
351 379 7464
352 406 7017
353 396 6746
354 400 6676
355 400 5875
356 402 6712
357 413 6603
358 403 6622
359 399 6895
360 410 6648
361 399 6795
362 399 6763
363 400 6288
364 406 6863
365 406 6540
366 409 7117
367 387 6343
368 429 6486
369 412 7470
370 396 7516
371 386 7149
372 396 6926
373 406 6606
374 397 6604
375 410 5971
376 395 6315
377 405 6832
378 401 7113
379 396 6450
380 389 6774
381 407 6828
382 386 6422
383 404 5966
384 425 6801
385 397 6958
386 404 5993
387 389 7713
388 405 6520
389 408 6283
390 416 6017
391 409 6567
392 399 6927
393 417 6495
394 383 7691
395 411 5790
396 401 6216
397 410 7127
398 403 6241
399 404 5922
400 419 5930
401 418 6648
402 397 6612
403 408 6999
404 397 7152
405 419 6314
406 403 6631
407 406 6097
408 412 6504
409 405 6109
410 405 6456
411 402 7372
412 413 5687
413 405 6883
414 396 6359
415 423 6909
416 408 7572
417 408 7414
418 396 5867
419 404 6432
420 392 6978
421 410 6256
422 411 6920
423 389 6650
424 410 6126
425 405 6818
426 397 6638
427 402 6165
428 414 6279
429 412 6404
430 401 6642
431 406 6301
432 400 7227
433 404 6830
434 407 6716
435 400 6514
436 394 6279
437 425 6084
438 405 5996
439 391 7063
440 406 6379
441 413 6599
442 391 5778
443 414 5744
444 407 6269
445 414 7516
446 406 6898
447 406 6583
448 416 6116
449 399 5577
450 419 7143
451 409 6526
452 398 6869
453 412 6585
454 411 7240
455 403 7435
456 407 6322
457 404 6586
458 403 6280
459 398 5423
460 390 5984
461 392 6889
462 398 7139
463 403 6484
464 414 6468
465 398 7129
466 412 7027
467 401 6891
468 415 6718
469 412 6385
470 416 6663
471 403 6927
472 394 6294
473 415 6176
474 411 7288
475 404 6996
476 413 6549
477 429 6702
478 416 7016
479 390 7315
480 402 6392
481 416 6485
482 412 6405
483 409 6761
484 403 6537
485 417 6059
486 409 6189
487 414 6685
488 399 6357
489 411 6248
490 394 7533
491 431 6067
492 417 6125
493 417 6617
494 399 7071
495 407 7057
496 413 6770
497 411 6679
498 419 7044
499 413 6624
500 428 6868
501 423 7520
502 416 7108
503 411 6832
504 395 7012
505 415 6548
506 413 7634
507 407 6042
508 424 6525
509 405 7461
510 413 7148
511 414 7053
512 428 7110
513 410 7242
514 407 7501
515 410 6858
516 403 7070
517 403 6223
518 413 6509
519 400 6564
520 414 6515
521 411 7196
522 406 7295
523 424 6591
524 414 6703
525 407 6827
526 415 7560
527 418 6372
528 418 6688
529 404 6724
530 419 6945
531 412 6786
532 418 7063
533 414 7017
534 409 7296
535 397 7607
536 408 6091
537 407 6918
538 419 7015
539 400 6387
540 423 6566
541 410 6421
542 415 6679
543 413 6846
544 421 6726
545 405 6812
546 401 6272
547 418 6721
548 398 6916
549 411 6777
550 422 6696
551 404 6442
552 399 6108
553 400 6804
554 390 6314
555 404 6493
556 399 6812
557 376 6742
558 402 6576
559 387 6433
560 395 5666
561 405 6176
562 387 6137
563 402 6680
564 412 6793
565 393 7380
566 412 5721
567 398 6373
568 400 6965
569 392 7092
570 408 6844
571 382 5640
572 409 6409
573 376 6852
574 398 6741
575 393 6194
576 393 6544
577 407 5938
578 394 6899
579 397 6027
580 422 6537
581 397 6911
582 382 6488
583 404 7607
584 375 7692
585 425 6973
586 415 6727
587 390 7515
588 401 7279
589 383 6798
590 419 7041
591 405 7099
592 403 6376
593 401 7357
594 412 6590
595 394 7329
596 388 6674
597 404 7903
598 401 6507
599 409 6819
600 419 6961
601 416 6436
602 409 6833
603 400 6676
604 412 7005
605 391 6582
606 426 6283
607 391 6446
608 418 6073
609 396 6702
610 411 6408
611 392 7110
612 409 6126
613 394 6538
614 394 5968
615 418 7038
616 407 6903
617 408 6411
618 392 6240
619 408 6650
620 417 7055
621 404 6719
622 395 5984
623 386 6140
624 404 6086
625 396 5839
626 391 6237
627 396 6786
628 407 6814
629 403 7075
630 389 6739
631 379 6917
632 400 6689
633 406 6092
634 410 6697
635 404 6409
636 370 6403
637 407 7240
638 380 7076
639 399 6552
640 399 6808
641 392 6484
642 394 6630
643 403 7189
644 401 6899
645 380 6589
646 407 6555
647 381 7405
648 404 6022
649 403 6794
650 411 6576
651 389 7067
652 376 6887
653 407 6298
654 409 7455
655 392 6567
656 423 6425
657 388 6387
658 414 6498
659 415 6892
660 413 6853
661 392 6358
662 416 6435
663 392 6957
664 417 7327
665 402 6654
666 406 7060
667 389 6308
668 409 6268
669 404 6475
670 410 6808
671 399 6655
672 396 7081
673 413 6256
674 409 6897
675 409 7308
676 384 7216
677 419 6434
678 389 6613
679 410 6221
680 407 6354
681 408 6341
682 402 6577
683 412 6905
684 391 6967
685 411 6102
686 384 7037
687 397 6354
688 392 7359
689 392 7195
690 399 6924
691 410 7060
692 389 6309
693 405 6175
694 387 6218
695 408 5958
696 387 6241
697 400 6402
698 406 6634
699 381 6713
700 410 6699
701 385 7059
702 393 6789
703 391 6726
704 402 6498
705 384 5842
706 403 6368
707 414 7015
708 390 6004
709 408 6436
710 389 7342
711 421 7430
712 376 6872
713 401 6542
714 391 6980
715 405 6452
716 407 6391
717 404 7028
718 393 7034
719 409 7013
720 396 7004
721 413 6712
722 401 6504
723 399 7027
724 398 6448
725 407 7150
726 399 6169
727 407 6804
728 394 6828
729 410 6128
730 383 7158
731 414 6741
732 409 6737
733 426 7072
734 386 6448
735 423 6690
736 405 6672
737 407 6680
738 400 6867
739 402 6237
740 419 6310
741 399 6514
742 415 6923
743 400 6257
744 393 6842
745 412 6836
746 428 5713
747 404 6513
748 413 7011
749 404 6455
750 402 6535
751 387 6903
752 408 6866
753 385 6959
754 406 6149
755 391 7604
756 398 6562
757 402 6632
758 401 6536
759 405 7036
760 403 6414
761 419 6523
762 405 6606
763 415 6631
764 403 6851
765 399 6556
766 416 6439
767 411 7590
768 415 6672
769 422 7504
770 414 7049
771 414 6857
772 397 6900
773 403 7058
774 397 6495
775 410 6461
776 419 7201
777 407 6324
778 408 6728
779 409 6980
780 407 6826
781 406 7405
782 417 7102
783 410 7388
784 409 6987
785 398 7606
786 415 6981
787 408 7162
788 417 7156
789 401 6857
790 429 7387
791 399 7228
792 418 6894
793 404 7711
794 407 6556
795 419 7423
796 414 6557
797 398 6838
798 418 7035
799 416 7426
800 415 7360
801 407 7356
802 410 6429
803 419 7718
804 413 7264
805 416 7709
806 408 6674
807 427 7224
808 404 7198
809 420 7321
810 408 6332
811 418 6674
812 406 7763
813 414 8147
814 395 7248
815 421 6806
816 385 6889
817 413 7673
818 397 7282
819 408 7730
820 395 7344
821 401 6583
822 403 7227
823 417 6075
824 415 6482
825 405 6560
826 400 6516
827 411 6680
828 386 6921
829 410 6583
830 393 7063
831 410 7190
832 404 7231
833 394 6428
834 404 6727
835 415 6825
836 396 5971
837 406 6727
838 392 7285
839 406 6367
840 414 5943
841 399 6484
842 404 6059
843 399 6729
844 414 6391
845 391 6537
846 402 5968
847 411 6817
848 410 6874
849 409 6529
850 397 6177
851 416 7006
852 387 7113
853 405 6729
854 398 6567
855 413 6869
856 406 6590
857 402 7059
858 394 6162
859 385 6717
860 406 6948
861 407 6561
862 410 5945
863 395 6633
864 404 6018
865 392 6727
866 398 5913
867 399 6294
868 395 6325
869 406 6726
870 383 7029
871 394 6946
872 397 6883
873 410 6480
874 401 7001
875 410 6653
876 400 7483
877 398 6287
878 408 6296
879 411 6833
880 400 7054
881 403 6944
882 384 6874
883 396 7104
884 403 6768
885 412 5807
886 403 6955
887 410 6698
888 394 6660
889 405 6157
890 392 6955
891 403 6511
892 390 7023
893 407 6679
894 402 6589
895 408 6419
896 388 7802
897 393 6622
898 401 6787
899 401 6499
900 400 6548
901 406 7160
902 411 6525
903 410 6015
904 424 6816
905 402 6975
906 402 6941
907 415 6382
908 402 6962
909 422 6796
910 410 7141
911 405 6523
912 396 6102
913 417 6775
914 404 6546
915 418 6179
916 414 6279
917 411 6410
918 403 5882
919 416 6877
920 426 7019
921 410 6807
922 428 6494
923 416 6250
924 416 6289
925 426 6191
926 415 7120
927 401 6939
928 404 6480
929 410 6853
930 405 6719
931 404 6971
932 384 6761
933 392 6056
934 427 6198
935 397 6646
936 420 5952
937 406 6234
938 411 6453
939 411 6949
940 385 6820
941 403 6041
942 406 7243
943 410 7393
944 396 6828
945 387 6740
946 419 6576
947 413 6913
948 421 6456
949 403 5582
950 402 6143
951 413 5991
952 392 6017
953 425 6996
954 394 7172
955 402 6668
956 380 7078
957 410 6218
958 400 6846
959 416 6263
960 400 6036
961 422 6658
962 400 6598
963 428 6611
964 383 6041
965 424 6470
966 391 7227
967 430 6588
968 391 7162
969 415 6643
970 407 6916
971 412 6650
972 390 7194
973 404 6555
974 419 6628
975 409 7270
976 417 6820
977 416 6345
978 418 7053
979 400 7192
980 407 7389
981 402 7030
982 412 7102
983 412 6643
984 389 6761
985 431 7069
986 382 6812
987 437 7049
988 388 7180
989 410 6545
990 410 7116
991 399 6720
992 410 6653
993 405 6877
994 406 6137
995 415 6336
996 389 6145
997 421 6322
998 392 6003
999 419 6210
1000 382 5416
1 404 5460
2 398 6774
3 392 7477
4 402 7066
5 394 7123
6 420 6708
7 388 7187
8 394 6290
9 397 7299
10 382 6804
11 392 6985
12 377 7159
13 416 7024
14 391 7243
15 398 6535
16 388 6748
17 405 6647
18 391 6624
19 403 6683
20 385 7144
21 395 7699
22 384 7140
23 402 6555
24 391 6314
25 401 7151
26 400 7201
27 402 6763
28 388 7058
29 396 7215
30 390 6339
31 406 6836
32 393 6848
33 388 7262
34 403 6307
35 365 6582
36 393 6301
37 383 7203
38 408 6770
39 381 7160
40 420 6499
41 376 6728
42 397 6178
43 381 6369
44 417 7443
45 383 6539
46 406 6608
47 392 7274
48 396 6376
49 390 7199
50 387 6539
51 393 6748
52 384 7248
53 404 6077
54 395 6886
55 396 6970
56 391 7318
57 384 6091
58 413 6511
59 375 6522
60 401 6561
61 399 7361
62 376 5985
63 405 7128
64 399 6579
65 399 6731
66 388 6798
67 399 6608
68 397 5953
69 402 7214
70 383 6975
71 402 7149
72 379 6664
73 405 6885
74 395 6091
75 400 6733
76 396 6425
77 382 7186
78 398 7091
79 399 6891
80 399 7008
81 399 6979
82 377 7018
83 405 6146
84 402 6630
85 389 7010
86 394 6564
87 406 6491
88 393 6099
89 383 7387
90 382 6677
91 399 7285
92 385 6523
93 406 5972
94 389 7073
95 390 6088
96 389 6877
97 372 6360
98 395 6213
99 400 6620
100 403 6553
101 392 6278
102 398 6770
103 390 6869
104 400 6564
105 392 6694
106 408 6375
107 409 6474
108 413 6778
109 382 7080
110 396 6180
111 385 6746
112 394 6370
113 394 7044
114 393 7519
115 400 7135
116 388 6460
117 409 5854
118 399 6032
119 390 6525
120 376 7279
121 403 6606
122 372 6988
123 399 6775
124 386 6888
125 402 6912
126 390 6054
127 405 6873
128 386 7415
129 402 6061
130 395 6820
131 414 6935
132 386 7482
133 390 7701
134 395 7077
135 370 6844
136 401 6189
137 387 7744
138 377 7091
139 408 6482
140 384 7552
141 386 6322
142 402 6443
143 406 6945
144 396 6900
145 402 6041
146 400 6558
147 403 6719
148 391 7195
149 391 7325
150 399 7796
151 379 7110
152 392 5705
153 400 7298
154 395 6884
155 406 6602
156 388 7384
157 395 5987
158 384 6705
159 409 6757
160 376 7261
161 388 6097
162 384 6996
163 382 6431
164 403 6613
165 396 7897
166 384 7559
167 410 6868
168 405 6912
169 394 6759
170 402 6939
171 406 6626
172 393 6390
173 388 6546
174 396 6464
175 394 6810
176 390 7056
177 394 6839
178 396 6355
179 387 6544
180 392 6781
181 388 7251
182 398 6398
183 383 7495
184 397 6908
185 397 6767
186 394 7201
187 392 7567
188 391 7484
189 399 6328
190 412 6836
191 404 5935
192 411 6664
193 393 6836
194 401 6206
195 388 6088
196 395 6291
197 389 7068
198 379 6782
199 388 6328
200 389 6288
201 385 7156
202 406 6031
203 390 6884
204 395 7238
205 395 6830
206 404 5744
207 395 6437
208 378 7551
209 399 6577
210 405 6776
211 380 6780
212 400 7227
213 391 6652
214 384 7078
215 402 6247
216 413 6811
217 396 6699
218 403 7116
219 399 6119
220 398 6006
221 396 6686
222 420 7206
223 403 6472
224 389 6181
225 379 6346
226 395 6955
227 404 6674
228 384 7654
229 377 5929
230 393 6613
231 381 7397
232 395 6537
233 402 7532
234 393 6535
235 400 6765
236 379 6923
237 401 6316
238 393 5909
239 400 6025
240 406 6514
241 407 6411
242 405 6997
243 412 6238
244 396 6472
245 415 7482
246 392 6547
247 411 6308
248 392 7546
249 417 6528
250 395 6916
251 404 7115
252 403 6892
253 401 6978
254 410 8024
255 393 7209
256 410 7165
257 391 6895
258 406 6386
259 401 5733
260 424 7027
261 382 6275
262 419 6250
263 400 6493
264 406 6717
265 411 7766
266 414 6443
267 423 6871
268 387 6896
269 404 6661
270 414 7389
271 406 7115
272 405 6079
273 398 7240
274 408 6220
275 394 6650
276 391 7570
277 413 7048
278 403 7120
279 411 6826
280 418 6943
281 392 6050
282 404 6317
283 399 6491
284 403 6442
285 393 7636
286 409 6087
287 414 7114
288 408 7066
289 399 7021
290 418 6248
291 403 6552
292 404 6322
293 407 7623
294 407 6952
295 414 6288
296 416 6890
297 395 6900
298 410 5960
299 406 6678
300 412 7365
301 412 6232
302 411 7054
303 407 7224
304 390 6986
305 406 6827
306 393 7035
307 400 6731
308 414 7063
309 410 6418
310 401 6749
311 406 6893
312 409 7126
313 402 6992
314 392 6671
315 406 6522
316 395 6651
317 395 6857
318 398 7322
319 406 6683
320 416 6887
321 412 7504
322 401 6508
323 413 6435
324 402 6867
325 409 6380
326 398 7039
327 405 6282
328 403 6723
329 383 6542
330 416 7497
331 408 7310
332 401 6758
333 396 6852
334 405 7222
335 393 7231
336 398 6641
337 408 7275
338 381 6313
339 411 6154
340 402 6545
341 398 7173
342 413 6195
343 404 7215
344 404 5691
345 412 7137
346 396 6561
347 414 6245
348 408 6951
349 407 7391
350 403 7350
351 413 5769
352 412 6547
353 423 7031
354 405 7113
355 412 6732
356 399 6509
357 400 5726
358 402 6922
359 385 6871
360 410 6066
361 410 6406
362 391 6653
363 423 6607
364 412 6881
365 420 6626
366 381 7004
367 407 6555
368 388 7436
369 405 5837
370 391 5865
371 413 6701
372 402 6365
373 399 6565
374 403 6077
375 413 5921
376 407 5848
377 412 7134
378 415 7184
379 406 6613
380 405 6974
381 400 6469
382 414 6301
383 405 6411
384 401 6942
385 401 7192
386 401 7190
387 399 6632
388 418 6278
389 401 6539
390 392 5968
391 393 5510
392 413 7009
393 387 6395
394 409 6823
395 404 7457
396 409 6636
397 407 7069
398 395 6254
399 426 6767
400 403 6761
401 408 6454
402 392 6396
403 419 7583
404 396 6904
405 411 6149
406 411 6247
407 414 6920
408 408 6910
409 396 6847
410 396 5901
411 402 6593
412 413 6027
413 409 6385
414 411 6743
415 407 7228
416 414 7001
417 410 6841
418 410 6954
419 393 6523
420 429 6853
421 389 7018
422 422 5664
423 413 7058
424 397 6564
425 401 5731
426 408 6873
427 424 6949
428 389 7251
429 420 6336
430 411 6684
431 398 6786
432 420 6424
433 408 6936
434 409 7123
435 394 6954
436 408 6527
437 400 7190
438 408 6824
439 396 7084
440 418 6663
441 401 6437
442 422 6478
443 398 6631
444 432 7492
445 398 7200
446 431 6245
447 394 7392
448 420 5906
449 415 6694
450 418 6714
451 416 5997
452 426 7034
453 433 7466
454 412 6627
455 408 7194
456 427 7056
457 403 6852
458 415 7205
459 404 7049
460 410 6281
461 420 6745
462 404 6843
463 422 6575
464 402 7275
465 408 6982
466 413 6514
467 421 7231
468 403 6713
469 412 6546
470 411 6772
471 399 6702
472 429 6848
473 430 6582
474 407 6451
475 417 6720
476 402 7820
477 418 6907
478 408 6944
479 411 7012
480 402 7400
481 399 6414
482 402 6042
483 410 6842
484 397 6272
485 414 7173
486 413 7120
487 425 7131
488 400 6451
489 424 7136
490 385 6958
491 410 7066
492 392 7075
493 411 6265
494 411 7053
495 416 7356
496 411 6729
497 402 5858
498 414 6970
499 400 6907
500 394 6500
501 405 6624
502 404 6836
503 391 6626
504 394 6129
505 426 6868
506 407 6547
507 414 6383
508 397 6925
509 419 6820
510 398 6696
511 402 6478
512 410 6140
513 398 6438
514 400 6951
515 386 6226
516 408 5976
517 390 7060
518 409 7464
519 391 7111
520 404 6377
521 408 6819
522 395 7088
523 407 6644
524 413 6980
525 407 6731
526 415 6640
527 415 6824
528 399 6341
529 413 6714
530 396 7013
531 403 6650
532 411 7580
533 397 7605
534 415 5779
535 408 7022
536 391 6325
537 417 6881
538 392 6600
539 408 6932
540 407 7558
541 415 6790
542 411 7235
543 400 7805
544 413 6956
545 411 5847
546 404 6697
547 415 6558
548 410 6030
549 408 7746
550 405 6471
551 406 6574
552 409 6780
553 398 7380
554 400 6737
555 412 6910
556 402 6578
557 406 6245
558 406 6450
559 400 7108
560 415 6270
561 385 6973
562 406 6399
563 418 6543
564 413 7183
565 400 6489
566 412 6663
567 391 6261
568 409 6188
569 401 6876
570 414 7167
571 395 6797
572 404 6397
573 392 7108
574 411 6411
575 401 5751
576 400 6074
577 408 6293
578 399 6470
579 392 6647
580 416 7679
581 407 7251
582 402 6982
583 393 7957
584 401 6552
585 398 6270
586 388 6414
587 410 6703
588 403 7121
589 407 6592
590 390 6643
591 396 6208
592 404 6962
593 388 7508
594 399 6208
595 395 6124
596 379 6185
597 408 6689
598 400 6449
599 383 6475
600 406 6984
601 412 6677
602 386 6975
603 399 6231
604 398 6773
605 410 7083
606 395 7404
607 397 6829
608 418 6432
609 405 6859
610 400 6709
611 398 6450
612 403 6369
613 409 6461
614 399 6309
615 413 6649
616 394 6406
617 424 6910
618 416 6684
619 400 6382
620 405 6559
621 419 7224
622 396 5833
623 407 6543
624 405 6949
625 408 6981
626 390 6043
627 401 6650
628 411 7028
629 407 6667
630 420 6850
631 404 6663
632 404 7034
633 398 6734
634 410 6755
635 384 6861
636 425 6298
637 396 7251
638 414 6236
639 422 7190
640 399 6773
641 414 6609
642 402 7061
643 420 7298
644 408 6855
645 398 6482
646 419 6934
647 399 6858
648 408 7013
649 407 7104
650 413 5365
651 414 6347
652 410 7074
653 406 6791
654 411 6101
655 410 6009
656 412 7353
657 406 7100
658 397 6081
659 412 6451
660 407 7222
661 417 7103
662 412 7383
663 413 7299
664 407 6268
665 400 6704
666 403 6517
667 413 7305
668 401 6542
669 411 6778
670 422 6863
671 399 6289
672 406 6025
673 411 6627
674 414 6579
675 405 6777
676 419 6937
677 396 7426
678 425 7334
679 415 6604
680 415 6954
681 412 7076
682 421 7094
683 402 6545
684 418 7030
685 410 7308
686 401 6796
687 389 6483
688 417 6414
689 408 7234
690 405 7131
691 418 6846
692 419 7259
693 407 6942
694 411 6391
695 409 6585
696 414 7590
697 411 7100
698 413 6550
699 401 7105
700 413 7129
701 406 6300
702 419 6532
703 401 6556
704 418 6830
705 412 7089
706 386 6825
707 433 6874
708 429 6997
709 422 5966
710 415 5904
711 403 6760
712 405 6437
713 420 6608
714 411 6788
715 411 7319
716 408 7191
717 423 7658
718 416 7072
719 412 7377
720 407 6775
721 428 6853
722 410 6979
723 412 7329
724 421 7385
725 407 7177
726 423 7560
727 407 6244
728 424 7008
729 407 6465
730 424 6451
731 412 7158
732 423 6790
733 387 6689
734 408 6753
735 410 7639
736 423 7130
737 411 7468
738 402 5900
739 418 6300
740 401 6802
741 401 6760
742 407 6484
743 395 6500
744 405 6215
745 387 6516
746 416 6442
747 411 6063
748 418 6476
749 405 6023
750 399 6940
751 409 6628
752 387 6230
753 401 5822
754 391 6586
755 411 6427
756 396 6861
757 405 7249
758 397 7223
759 403 7254
760 399 7344
761 411 7207
762 411 6985
763 412 7315
764 417 6884
765 406 6655
766 406 7536
767 412 6650
768 414 6506
769 404 7088
770 411 6947
771 405 6345
772 411 7062
773 409 6834
774 421 6706
775 407 7163
776 396 5719
777 412 6753
778 415 6805
779 413 6912
780 407 7181
781 397 7119
782 401 5844
783 414 6633
784 402 6947
785 420 6282
786 412 7491
787 419 6546
788 403 6850
789 399 7110
790 407 6524
791 397 7225
792 417 6776
793 409 6849
794 404 6456
795 424 6884
796 414 6565
797 397 6626
798 407 6808
799 405 7217
800 416 7031
801 404 7496
802 405 6571
803 412 6769
804 402 6193
805 400 7192
806 404 6530
807 403 6158
808 412 6949
809 402 5638
810 406 6714
811 393 7195
812 414 6622
813 424 6716
814 402 6391
815 398 6034
816 400 6277
817 408 6439
818 416 7247
819 408 6976
820 403 7163
821 404 5988
822 398 6701
823 414 5998
824 405 6675
825 397 6281
826 402 6406
827 400 6055
828 411 6740
829 416 7465
830 383 6726
831 422 6097
832 402 6594
833 406 6417
834 401 6038
835 398 7604
836 407 6914
837 386 6418
838 385 6413
839 391 6120
840 409 7396
841 365 6450
842 415 6149
843 394 6437
844 398 6701
845 390 6406
846 391 6606
847 402 7118
848 393 6249
849 409 6332
850 393 7022
851 397 6395
852 410 6593
853 384 6808
854 392 5889
855 388 6047
856 379 6020
857 408 6620
858 398 6424
859 401 6696
860 391 6607
861 402 6832
862 401 7388
863 397 6103
864 405 6376
865 396 6900
866 393 6825
867 398 6232
868 414 6681
869 401 7254
870 410 6660
871 405 6868
872 398 6701
873 400 6362
874 417 6484
875 405 6856
876 399 6978
877 403 7421
878 406 6467
879 393 6277
880 415 6975
881 400 6765
882 405 6811
883 400 6941
884 399 6100
885 385 6231
886 401 6406
887 394 6958
888 396 6202
889 404 6399
890 393 6808
891 397 6496
892 399 6467
893 385 6013
894 398 6792
895 372 6698
896 383 5403
897 384 7004
898 410 6029
899 381 6051
900 408 6545
901 397 6728
902 389 6222
903 392 7086
904 405 7197
905 383 6662
906 403 7045
907 390 7311
908 397 6316
909 404 7003
910 386 7197
911 392 6333
912 394 6684
913 398 6638
914 386 6943
915 391 7017
916 403 6617
917 388 6216
918 411 6398
919 396 6698
920 391 6224
921 404 6767
922 376 7099
923 406 6158
924 376 7807
925 395 6673
926 383 6448
927 396 6181
928 386 7061
929 389 5467
930 372 6939
931 390 6801
932 388 6800
933 393 7154
934 394 6225
935 400 6659
936 362 6990
937 405 6451
938 363 6638
939 393 6836
940 369 6245
941 413 6246
942 390 7223
943 403 6730
944 369 6765
945 400 6175
946 399 6944
947 395 5241
948 390 7475
949 391 6850
950 399 6097
951 381 6131
952 406 6139
953 394 6155
954 386 6777
955 400 6571
956 402 6929
957 394 7286
958 400 7424
959 383 7310
960 384 7076
961 380 6184
962 398 7024
963 399 7347
964 387 7418
965 394 6547
966 393 6776
967 388 7007
968 394 7462
969 403 6278
970 388 6328
971 397 7085
972 405 6768
973 398 6195
974 398 6454
975 402 6897
976 402 6776
977 389 6891
978 415 6469
979 394 7731
980 408 6509
981 399 6742
982 406 6716
983 393 6099
984 416 6896
985 397 6253
986 392 6990
987 383 7023
988 388 6753
989 381 6713
990 387 6671
991 403 6900
992 386 6729
993 399 6392
994 395 7016
995 385 7128
996 394 6210
997 409 5790
998 370 5786
999 402 5982
1000 374 5977
