1 382 13577
2 392 11800
3 416 12143
4 394 12694
5 410 11393
6 410 10614
7 405 11023
8 397 11499
9 399 11492
10 414 12048
11 409 11801
12 402 11801
13 397 11620
14 396 11432
15 408 11051
16 407 11608
17 410 11957
18 403 10699
19 402 11919
20 391 11684
21 404 11354
22 403 11740
23 399 11336
24 411 10850
25 402 11010
26 393 10985
27 404 10447
28 394 11544
29 408 11355
30 406 11591
31 382 11239
32 400 12126
33 396 11230
34 408 11461
35 395 11592
36 404 12247
37 410 11214
38 397 10467
39 404 11738
40 401 11167
41 388 12390
42 411 11499
43 399 12264
44 401 11936
45 389 11865
46 399 11750
47 393 11421
48 404 11349
49 395 11424
50 403 11931
51 404 11390
52 381 11418
53 401 11001
54 399 11162
55 401 11934
56 406 11850
57 417 11432
58 401 9833
59 414 11892
60 402 10974
61 417 10454
62 394 10598
63 406 11632
64 407 11265
65 416 10527
66 404 11045
67 410 11183
68 395 12026
69 409 10944
70 392 12092
71 399 11740
72 405 11378
73 413 11271
74 404 12225
75 411 11822
76 415 11295
77 408 11445
78 404 11581
79 405 11572
80 396 11438
81 390 11382
82 387 12328
83 397 11302
84 411 11065
85 396 10604
86 412 12076
87 406 11992
88 405 11236
89 409 11860
90 399 11898
91 402 11862
92 409 10530
93 412 11365
94 399 10678
95 401 12544
96 397 11103
97 415 11968
98 407 11041
99 414 11073
100 404 11387
101 397 11307
102 410 11810
103 405 10865
104 394 11223
105 399 11007
106 406 11145
107 398 12052
108 395 11934
109 407 11283
110 404 11219
111 410 11547
112 416 11019
113 410 11972
114 389 11556
115 416 11722
116 411 11297
117 395 12079
118 407 11325
119 414 11189
120 404 11584
121 398 12594
122 411 11940
123 408 11897
124 405 12516
125 401 11760
126 413 12311
127 417 11570
128 403 11062
129 417 12080
130 395 11492
131 413 11579
132 409 11059
133 392 11121
134 405 11009
135 407 11804
136 390 11615
137 409 11938
138 393 11587
139 415 11330
140 408 11201
141 407 11919
142 413 10512
143 396 11552
144 404 11626
145 403 11817
146 408 11483
147 405 11067
148 424 11977
149 418 11110
150 407 11286
151 404 11547
152 409 11516
153 393 11897
154 404 12066
155 397 10171
156 405 11061
157 391 11883
158 409 10895
159 409 11100
160 407 11126
161 419 11669
162 400 11445
163 407 11489
164 410 11911
165 417 12023
166 405 12175
167 395 11451
168 409 11479
169 406 10967
170 405 12145
171 399 11225
172 391 10312
173 403 11871
174 402 11527
175 401 11256
176 391 11834
177 410 11980
178 414 11103
179 411 10747
180 399 11778
181 403 10704
182 408 11087
183 404 11510
184 400 11478
185 404 11280
186 411 12824
187 400 10585
188 408 11602
189 419 10829
190 400 11946
191 399 11645
192 410 10996
193 397 11152
194 404 11910
195 402 11519
196 397 11904
197 395 11829
198 400 11143
199 424 11237
200 420 10901
201 397 11343
202 404 12585
203 419 11813
204 410 10703
205 409 11469
206 404 11302
207 404 12020
208 404 11215
209 399 12484
210 416 11864
211 394 12032
212 423 10192
213 407 11560
214 395 11096
215 405 12170
216 419 11073
217 409 12317
218 422 11053
219 403 10611
220 412 11639
221 407 10906
222 398 11632
223 405 10939
224 421 11578
225 417 11220
226 395 11342
227 413 11479
228 417 10250
229 405 11917
230 400 12036
231 412 11409
232 406 11619
233 397 11817
234 394 11346
235 401 10344
236 415 10983
237 414 11318
238 397 11500
239 411 10852
240 396 11683
241 404 11625
242 404 11620
243 418 11424
244 411 10583
245 412 10742
246 411 11717
247 408 11294
248 411 11677
249 405 11890
250 414 11173
251 418 12082
252 387 11437
253 416 11945
254 405 11670
255 413 10992
256 402 11631
257 416 11806
258 409 10909
259 398 11528
260 400 11663
261 400 11259
262 410 11434
263 395 11107
264 389 11517
265 402 11409
266 389 11369
267 408 11833
268 414 11674
269 411 11594
270 412 11231
271 409 11586
272 391 12014
273 410 11333
274 408 10664
275 417 11852
276 393 11496
277 411 12068
278 399 11250
279 418 11220
280 408 10805
281 411 11241
282 406 10854
283 398 11183
284 395 11954
285 413 11206
286 411 10911
287 412 11335
288 389 10648
289 414 11038
290 394 10651
291 404 11843
292 420 12130
293 396 12271
294 401 10712
295 400 10940
296 407 11182
297 388 11749
298 399 11834
299 411 11316
300 410 11224
301 410 11349
302 418 11458
303 422 11263
304 410 12209
305 401 10498
306 407 11114
307 388 11672
308 411 11870
309 416 11794
310 417 11039
311 412 11427
312 408 11110
313 400 11895
314 404 12054
315 393 10934
316 418 11339
317 399 10936
318 419 10961
319 399 11531
320 408 11468
321 408 11737
322 384 11766
323 411 11372
324 393 11478
325 404 11067
326 410 11994
327 401 11732
328 409 11319
329 412 11962
330 407 12157
331 399 11245
332 408 11027
333 391 12053
334 397 10927
335 411 11093
336 406 10882
337 415 11488
338 408 10741
339 405 11210
340 399 12337
341 408 11032
342 399 10906
343 404 11184
344 399 10176
345 405 11992
346 386 11680
347 400 11872
348 406 10916
349 394 11634
350 403 11653
351 408 11312
352 388 11782
353 411 11428
354 384 10394
355 427 11662
356 417 10370
357 411 10348
358 410 11641
359 402 11600
360 409 11803
361 414 12281
362 407 11737
363 411 10748
364 402 11847
365 416 11698
366 410 10888
367 418 11488
368 414 11498
369 408 11432
370 391 11094
371 385 11775
372 400 11131
373 408 11239
374 407 12076
375 403 11422
376 412 11410
377 411 12291
378 410 11357
379 412 11195
380 414 11175
381 404 10619
382 410 10632
383 403 11207
384 406 11373
385 395 11365
386 409 10528
387 392 11500
388 398 11115
389 411 10849
390 401 12450
391 407 10954
392 406 11553
393 399 10936
394 397 11155
395 409 11876
396 411 11274
397 412 10830
398 418 11396
399 409 11507
400 413 10905
401 405 11261
402 409 10990
403 413 12008
404 402 11634
405 392 11376
406 399 10973
407 387 11859
408 407 11893
409 407 10437
410 386 11990
411 387 11642
412 409 10658
413 408 11692
414 418 11342
415 402 11088
416 398 11346
417 412 10670
418 410 11116
419 404 11522
420 397 11297
421 416 11395
422 393 10046
423 396 11838
424 407 11422
425 419 11402
426 401 12020
427 382 11079
428 406 11576
429 402 10851
430 401 11831
431 408 11294
432 403 11433
433 418 11615
434 418 11770
435 408 10736
436 407 11891
437 417 11548
438 406 11089
439 398 12075
440 404 11501
441 403 11991
442 398 11243
443 404 11539
444 409 11344
445 423 11731
446 404 10254
447 392 11772
448 398 10760
449 409 11821
450 404 10968
451 404 11556
452 408 10994
453 401 11863
454 406 10244
455 411 11740
456 404 11166
457 402 12364
458 414 11766
459 405 11323
460 397 11462
461 407 11629
462 401 11523
463 407 11365
464 417 11316
465 405 11623
466 411 11834
467 415 11530
468 401 11580
469 415 11016
470 397 11450
471 401 10207
472 409 11906
473 419 10875
474 424 10905
475 417 11909
476 404 11904
477 389 12760
478 402 11496
479 404 11644
480 402 11971
481 401 12461
482 400 11578
483 395 12116
484 400 11007
485 407 11096
486 411 11528
487 401 11506
488 410 10934
489 415 10819
490 414 11806
491 410 12073
492 402 12140
493 407 12122
494 412 11092
495 408 11230
496 406 11532
497 401 11786
498 417 10950
499 398 11691
500 414 11588
501 412 12236
502 405 11029
503 416 11911
504 408 11064
505 413 11975
506 407 11448
507 415 10814
508 426 11812
509 398 10986
510 417 11663
511 406 10928
512 407 11687
513 403 11158
514 411 11580
515 407 11948
516 405 11721
517 400 12248
518 392 12153
519 416 11892
520 406 11174
521 409 11400
522 419 11159
523 420 10682
524 422 11234
525 410 11915
526 406 11099
527 393 11746
528 413 11314
529 426 11921
530 411 12044
531 408 11704
532 405 11609
533 411 11925
534 407 10735
535 382 11475
536 393 10705
537 406 11009
538 392 11955
539 393 11143
540 385 11381
541 390 11486
542 398 10941
543 399 11463
544 406 11088
545 413 10422
546 413 11566
547 386 11184
548 397 10467
549 393 11015
550 412 11630
551 399 11808
552 413 11559
553 398 10024
554 396 12095
555 404 11828
556 393 11296
557 420 11155
558 400 11087
559 409 10767
560 388 11757
561 398 11278
562 409 11244
563 405 10772
564 408 11672
565 397 10784
566 405 10300
567 427 11478
568 416 11182
569 413 10786
570 399 11292
571 394 10664
572 423 12402
573 392 10926
574 409 11684
575 429 11657
576 423 11537
577 409 11143
578 427 10804
579 399 10880
580 405 11749
581 405 11568
582 409 10374
583 419 11577
584 412 11632
585 396 10605
586 402 11774
587 420 11468
588 410 10482
589 418 11057
590 398 11489
591 409 11449
592 419 11358
593 415 11258
594 409 12181
595 412 11526
596 406 12230
597 414 11053
598 422 12148
599 411 11310
600 390 11174
601 414 11057
602 408 12017
603 395 12349
604 408 12471
605 392 11394
606 403 11467
607 414 11077
608 420 10888
609 416 10919
610 412 12176
611 415 10703
612 406 12745
613 406 12295
614 396 11161
615 398 11036
616 392 11815
617 409 12163
618 411 11199
619 404 11162
620 409 12002
621 404 11445
622 425 11582
623 413 10260
624 412 12621
625 395 11888
626 405 11792
627 404 11779
628 400 12042
629 411 11399
630 393 11439
631 392 11266
632 401 11668
633 402 11115
634 394 11170
635 414 11710
636 397 12319
637 397 11091
638 398 11119
639 407 10754
640 398 10592
641 401 10913
642 409 11235
643 393 11655
644 408 11289
645 396 11566
646 416 11242
647 400 12234
648 404 11635
649 395 11586
650 418 10494
651 407 11051
652 396 10830
653 416 11011
654 410 10671
655 411 10592
656 412 11438
657 416 11607
658 409 11059
659 416 10491
660 413 11125
661 408 11371
662 404 11167
663 393 11420
664 429 11285
665 417 11331
666 426 10754
667 406 11371
668 399 10669
669 405 11497
670 417 12135
671 394 11216
672 421 11323
673 408 11390
674 409 11843
675 409 11206
676 411 11664
677 410 11181
678 412 10676
679 410 11190
680 415 10776
681 414 10995
682 405 11484
683 414 11688
684 396 10921
685 397 11794
686 409 10956
687 412 11256
688 405 11436
689 411 11928
690 411 11450
691 409 12052
692 408 10690
693 393 11211
694 419 11511
695 402 11470
696 420 11945
697 397 10960
698 409 11348
699 406 10644
700 412 11087
701 403 11403
702 408 11163
703 418 10919
704 417 11372
705 404 11850
706 421 10073
707 415 11630
708 428 10951
709 429 11160
710 423 10837
711 419 11583
712 425 11308
713 413 11065
714 403 10864
715 407 12094
716 409 11431
717 409 10995
718 421 11294
719 403 12219
720 423 10611
721 418 10127
722 405 9884
723 396 10843
724 419 10764
725 424 11086
726 414 11280
727 409 11403
728 419 10295
729 408 11302
730 429 11235
731 405 11221
732 411 10886
733 408 11347
734 413 10960
735 402 12181
736 421 11166
737 414 11948
738 422 10696
739 418 11191
740 396 10658
741 417 11951
742 404 10491
743 419 11827
744 416 11852
745 419 10980
746 410 11222
747 405 11870
748 422 10613
749 416 11849
750 421 10897
751 420 11758
752 416 11484
753 419 11334
754 414 10935
755 404 12381
756 414 11549
757 405 11687
758 422 11676
759 406 10762
760 423 11215
761 405 11706
762 416 11182
763 412 11407
764 408 10868
765 410 11222
766 421 11617
767 419 11501
768 417 11601
769 421 10949
770 410 11450
771 395 11293
772 422 11725
773 417 11078
774 407 11711
775 405 11059
776 407 11214
777 410 11717
778 407 10916
779 402 11899
780 399 10796
781 421 11051
782 405 11354
783 407 11293
784 401 11242
785 407 11562
786 393 11588
787 407 11749
788 397 10919
789 405 12258
790 395 11345
791 414 11775
792 398 12231
793 407 11641
794 411 11958
795 397 12240
796 403 11970
797 404 11483
798 414 11202
799 405 11732
800 410 12157
801 414 11964
802 394 11090
803 412 10882
804 396 11736
805 400 11635
806 385 11422
807 392 11312
808 389 11783
809 397 11552
810 382 11068
811 385 12791
812 397 11577
813 398 10753
814 409 11375
815 395 12105
816 396 11253
817 412 11239
818 389 11376
819 406 12232
820 405 11456
821 400 11617
822 410 11496
823 406 11680
824 391 11427
825 404 11667
826 401 11907
827 392 11131
828 377 11186
829 403 12123
830 394 10973
831 420 11391
832 404 11479
833 398 10437
834 406 11721
835 388 10985
836 407 11960
837 393 11567
838 415 11526
839 410 11531
840 404 11115
841 399 11775
842 412 11797
843 393 12160
844 418 11203
845 422 11063
846 418 10852
847 421 11633
848 417 11102
849 404 10907
850 420 11730
851 401 11972
852 421 11909
853 410 11361
854 402 11112
855 408 11677
856 402 10889
857 420 10862
858 411 11330
859 411 11401
860 415 11402
861 407 11827
862 427 11465
863 427 10996
864 410 10863
865 417 11314
866 424 10994
867 429 11689
868 425 11243
869 412 10771
870 429 10315
871 408 11412
872 418 10744
873 416 10584
874 431 10362
875 420 11235
876 432 10392
877 429 10713
878 430 10527
879 422 10897
880 427 11281
881 424 10838
882 420 11235
883 433 11757
884 415 10385
885 438 10101
886 418 11353
887 423 10676
888 428 11621
889 424 11636
890 429 10542
891 400 10929
892 427 11497
893 422 10876
894 436 11948
895 418 10865
896 410 10929
897 414 10720
898 431 10987
899 423 10894
900 432 10632
901 414 9660
902 419 11580
903 415 10572
904 414 11136
905 435 10969
906 419 10645
907 427 11346
908 437 10693
909 425 11044
910 437 10279
911 426 11687
912 409 11157
913 413 10304
914 432 10691
915 423 10229
916 424 10822
917 423 11779
918 430 11837
919 431 11416
920 426 11043
921 421 11078
922 445 11423
923 437 10764
924 439 11380
925 417 10844
926 431 10317
927 435 11547
928 438 10847
929 426 11679
930 431 11294
931 415 11388
932 448 10886
933 425 10940
934 443 11184
935 430 11441
936 442 10014
937 430 11752
938 442 11279
939 423 10546
940 440 11432
941 430 11338
942 443 10645
943 441 11473
944 441 10603
945 431 11472
946 437 10869
947 432 11071
948 430 12065
949 435 11252
950 431 11703
951 437 10981
952 442 10661
953 432 10780
954 437 11607
955 436 12475
956 419 11755
957 429 10966
958 438 10809
959 437 11262
960 420 11164
961 437 10659
962 428 9670
963 432 11628
964 425 11755
965 408 10444
966 425 11437
967 421 10711
968 418 10716
969 420 10816
970 426 10822
971 425 10868
972 426 10854
973 417 11346
974 424 11105
975 430 11089
976 432 10950
977 420 10887
978 412 12155
979 415 11181
980 415 11338
981 403 11812
982 426 11856
983 398 11747
984 434 11503
985 419 10205
986 422 11219
987 407 10244
988 421 10904
989 411 11962
990 427 11585
991 411 11265
992 405 10719
993 420 11782
994 427 11601
995 396 11348
996 422 11552
997 409 11150
998 408 11323
999 439 10274
1000 401 13449
1 374 12295
2 418 11580
3 376 12712
4 419 10832
5 396 11997
6 402 11262
7 405 12749
8 418 13063
9 402 11841
10 391 11235
11 396 12311
12 414 12489
13 391 11109
14 414 11522
15 384 12149
16 413 11965
17 393 11887
18 405 11478
19 408 11977
20 415 11864
21 419 11676
22 409 11440
23 403 11640
24 413 10861
25 415 13135
26 392 11027
27 412 11509
28 407 13202
29 411 11622
30 408 12658
31 398 12589
32 402 11192
33 400 11024
34 401 11507
35 379 11457
36 403 11287
37 403 12859
38 405 11720
39 399 11470
40 400 11580
41 405 12178
42 422 11862
43 393 12348
44 398 12145
45 411 12473
46 404 12190
47 414 11611
48 401 11479
49 417 11855
50 400 12152
51 391 12058
52 405 12146
53 405 12798
54 404 11419
55 396 12789
56 402 11490
57 399 12376
58 394 11235
59 391 11157
60 407 12808
61 406 12240
62 384 11770
63 412 11896
64 401 11407
65 394 11161
66 402 10811
67 413 12203
68 408 11285
69 400 11166
70 409 12517
71 417 11242
72 392 12352
73 398 12350
74 409 12713
75 404 10994
76 395 11706
77 390 11706
78 401 11641
79 402 12143
80 399 10393
81 416 11243
82 393 12018
83 405 11394
84 418 12397
85 395 11204
86 411 11966
87 385 10811
88 417 12186
89 401 10928
90 402 11121
91 400 12108
92 399 10963
93 408 11428
94 410 12776
95 402 10917
96 408 11899
97 418 11786
98 401 11832
99 406 11438
100 420 12208
101 409 10823
102 400 12034
103 412 12269
104 398 11536
105 414 11845
106 401 12918
107 405 10924
108 409 12567
109 395 11248
110 411 10703
111 417 12374
112 410 11435
113 397 11520
114 410 11026
115 409 10942
116 415 12509
117 402 11172
118 408 12200
119 420 12194
120 407 11875
121 412 11250
122 411 11533
123 414 11882
124 415 11544
125 400 12359
126 415 11770
127 411 12120
128 397 11093
129 405 12693
130 400 11050
131 411 11411
132 401 10992
133 415 10534
134 399 11713
135 406 12431
136 415 11652
137 394 12221
138 392 10692
139 388 11434
140 422 12634
141 400 10742
142 425 11825
143 380 11231
144 411 11956
145 404 11712
146 412 11688
147 411 11877
148 400 11599
149 404 11355
150 410 12019
151 386 12304
152 409 11629
153 404 11993
154 406 12039
155 416 12165
156 383 11811
157 392 10999
158 400 11733
159 402 11375
160 401 11806
161 392 11739
162 406 11913
163 411 11787
164 383 11781
165 404 11775
166 401 10771
167 396 12235
168 402 11997
169 407 11562
170 400 11272
171 407 11544
172 407 11496
173 406 12409
174 397 11479
175 406 12836
176 421 11751
177 398 11574
178 409 11282
179 419 12007
180 396 11372
181 397 12397
182 408 12069
183 403 12058
184 404 11656
185 393 12130
186 418 11300
187 390 11557
188 404 11873
189 401 11483
190 404 12214
191 406 12381
192 405 12017
193 407 11167
194 404 11105
195 403 11054
196 404 12274
197 397 12504
198 402 11736
199 391 11927
200 416 12138
201 369 12639
202 404 11973
203 399 11270
204 392 11678
205 390 12483
206 400 12335
207 391 11810
208 403 12449
209 390 11954
210 395 12272
211 400 10463
212 390 11841
213 404 12240
214 401 11378
215 397 11696
216 393 12127
217 381 11304
218 398 11173
219 396 10737
220 398 11289
221 393 12181
222 386 11734
223 380 10711
224 396 12033
225 389 11576
226 402 10867
227 391 12112
228 400 11051
229 394 11373
230 386 10705
231 392 11717
232 395 11648
233 402 11407
234 384 10914
235 404 12721
236 395 12517
237 395 11913
238 386 11132
239 377 11753
240 370 12560
241 398 11896
242 399 11903
243 401 11948
244 399 12598
245 381 11432
246 393 12204
247 389 11995
248 397 12236
249 394 12092
250 394 11580
251 384 11267
252 393 11800
253 379 11400
254 397 11492
255 397 11111
256 406 11568
257 399 11588
258 394 11001
259 396 11289
260 381 11386
261 394 12061
262 385 11724
263 396 12076
264 403 11443
265 382 11908
266 396 11601
267 393 12163
268 386 11233
269 398 11031
270 388 11915
271 400 10645
272 386 12038
273 391 12711
274 390 11924
275 405 12183
276 395 11633
277 379 11101
278 391 11907
279 389 11040
280 396 11609
281 396 11294
282 396 11205
283 378 10909
284 382 12184
285 396 12057
286 390 13578
287 396 11116
288 395 12312
289 404 11195
290 396 12259
291 384 11524
292 388 12037
293 383 11438
294 406 12181
295 390 12414
296 382 10593
297 394 11808
298 389 11456
299 411 11461
300 380 11195
301 394 11260
302 398 12082
303 393 11440
304 408 11917
305 395 12509
306 382 11806
307 388 11413
308 389 11721
309 396 11440
310 386 11914
311 386 10997
312 410 12294
313 385 11425
314 389 10443
315 386 11722
316 382 11709
317 392 11362
318 400 10901
319 390 11376
320 382 12360
321 388 11913
322 404 12143
323 407 11930
324 377 11279
325 390 11162
326 395 12320
327 393 12557
328 395 12083
329 388 11644
330 386 11560
331 394 12667
332 394 10754
333 390 12776
334 391 11929
335 394 11608
336 406 12105
337 392 10998
338 397 12492
339 398 11778
340 397 11109
341 392 10588
342 380 11479
343 394 10967
344 389 11005
345 385 11445
346 396 12177
347 398 11528
348 398 10962
349 402 11760
350 391 11190
351 383 11778
352 389 10914
353 394 11237
354 384 11362
355 388 11945
356 387 12129
357 383 11400
358 407 11319
359 410 11290
360 408 11002
361 394 10426
362 402 10848
363 394 11831
364 406 11303
365 404 11717
366 403 11452
367 392 12252
368 389 11479
369 388 12127
370 395 12156
371 410 12145
372 399 12199
373 395 11715
374 401 11166
375 398 11438
376 388 11436
377 402 11125
378 397 10722
379 380 10748
380 408 12285
381 379 11240
382 403 11163
383 392 11812
384 406 11249
385 398 10989
386 399 10745
387 394 12153
388 409 10552
389 375 11488
390 402 11658
391 380 11592
392 401 10962
393 398 11583
394 395 10888
395 392 10917
396 381 11053
397 400 12626
398 395 11177
399 399 11721
400 402 11578
401 378 11238
402 411 11613
403 388 12468
404 388 11614
405 410 12297
406 385 12449
407 384 10410
408 397 11797
409 403 11509
410 397 11418
411 386 12155
412 393 11731
413 394 11589
414 380 10344
415 390 11282
416 383 12087
417 402 11686
418 399 11572
419 390 10543
420 394 11536
421 389 11911
422 401 11607
423 389 11002
424 394 11372
425 396 11938
426 403 11991
427 393 12410
428 379 10963
429 405 12043
430 376 10821
431 382 11377
432 403 11462
433 399 11476
434 396 10653
435 394 11664
436 392 11097
437 395 11544
438 399 11609
439 395 11926
440 392 11364
441 388 11083
442 398 11158
443 392 11619
444 404 11939
445 389 11792
446 387 11684
447 383 11594
448 398 10496
449 396 11620
450 407 12586
451 399 10715
452 393 11882
453 391 10698
454 391 11735
455 380 11709
456 375 11013
457 400 11718
458 396 11387
459 400 11569
460 402 11497
461 384 11517
462 394 12081
463 395 10651
464 408 11511
465 382 11194
466 394 11545
467 399 11332
468 392 10887
469 394 12336
470 400 11634
471 388 11919
472 402 10982
473 393 10424
474 388 11559
475 391 11493
476 388 12157
477 406 11560
478 394 11540
479 403 11641
480 397 11880
481 395 11691
482 400 10795
483 382 11223
484 389 11191
485 386 10865
486 396 11445
487 398 12012
488 385 12230
489 390 11476
490 396 11318
491 393 11967
492 400 11348
493 399 10789
494 399 11910
495 401 11955
496 404 11402
497 408 10884
498 400 11836
499 394 10510
500 389 10377
501 389 10578
502 401 12037
503 389 11650
504 396 12544
505 397 11287
506 394 11972
507 410 12229
508 382 11520
509 396 10945
510 392 10984
511 387 10458
512 390 10870
513 390 12141
514 408 10921
515 403 11790
516 396 11791
517 401 10792
518 400 10842
519 403 11986
520 395 11167
521 398 11427
522 395 11743
523 400 11866
524 398 12141
525 393 10548
526 393 11320
527 393 10951
528 399 12376
529 381 11387
530 402 11377
531 388 12107
532 395 11482
533 391 11979
534 402 11422
535 368 11727
536 406 11786
537 379 12460
538 403 12803
539 410 12244
540 413 12067
541 398 11599
542 402 10723
543 413 11183
544 412 11957
545 419 11111
546 413 10607
547 422 11695
548 413 11094
549 399 11353
550 403 12457
551 396 11455
552 424 12362
553 417 11062
554 416 10942
555 410 10308
556 421 11393
557 417 12130
558 406 11317
559 407 11786
560 417 11465
561 409 11313
562 408 11324
563 413 10691
564 423 11686
565 417 11668
566 405 11051
567 388 12051
568 416 11368
569 420 11326
570 406 12085
571 418 11468
572 419 11222
573 414 11272
574 409 11343
575 403 11640
576 413 11390
577 399 12150
578 404 11291
579 396 11984
580 402 11537
581 397 11539
582 407 12218
583 396 11718
584 422 11676
585 408 11462
586 416 11022
587 402 11658
588 416 11598
589 406 12144
590 414 11321
591 415 11248
592 402 10671
593 417 10722
594 407 11776
595 400 10820
596 404 11095
597 397 11699
598 423 12123
599 426 11756
600 417 11124
601 409 11532
602 411 11660
603 412 10811
604 422 11116
605 401 11305
606 417 12055
607 400 11915
608 418 11887
609 428 11406
610 417 11082
611 414 11074
612 411 10736
613 419 12402
614 400 10925
615 421 11801
616 412 11298
617 415 12052
618 409 10992
619 419 11679
620 418 11626
621 411 11225
622 412 12066
623 404 11780
624 405 11577
625 405 10646
626 395 11068
627 416 11297
628 412 12575
629 409 11830
630 397 12191
631 422 11291
632 423 11892
633 401 11638
634 408 11007
635 407 12548
636 401 11466
637 413 10555
638 416 11958
639 409 11336
640 410 11882
641 406 11225
642 407 11189
643 422 12050
644 411 11718
645 393 11159
646 418 10648
647 421 11320
648 437 12164
649 425 11068
650 412 11180
651 413 11435
652 414 11470
653 420 10944
654 419 10898
655 411 10864
656 406 11540
657 413 10977
658 411 12563
659 419 11570
660 430 11293
661 409 11194
662 420 11360
663 415 11544
664 436 11040
665 420 11012
666 418 11145
667 423 12230
668 419 11329
669 408 11290
670 411 11856
671 424 12255
672 405 11948
673 423 12168
674 414 11667
675 419 12663
676 409 11072
677 404 11855
678 415 11694
679 401 12272
680 411 11593
681 416 11513
682 421 11431
683 418 10617
684 400 11279
685 428 11973
686 414 11462
687 416 10595
688 412 11315
689 425 11670
690 421 11909
691 424 10995
692 422 11946
693 414 11324
694 421 11147
695 429 11432
696 422 10689
697 417 11137
698 406 11308
699 414 10623
700 426 11781
701 437 12115
702 410 11176
703 427 11056
704 406 10395
705 410 12185
706 423 11991
707 415 11209
708 425 11297
709 424 11563
710 437 11856
711 416 11758
712 422 10950
713 423 12023
714 427 11210
715 411 11214
716 426 11450
717 425 11754
718 423 10978
719 415 10981
720 414 11741
721 423 10808
722 425 11036
723 422 10596
724 416 11294
725 426 10742
726 434 11060
727 430 10695
728 438 11221
729 424 10727
730 427 11244
731 420 10711
732 426 11529
733 422 11434
734 441 11313
735 424 12029
736 419 11199
737 416 11392
738 416 10892
739 415 11317
740 428 11832
741 407 11791
742 416 11666
743 432 10948
744 416 11062
745 433 11029
746 427 11425
747 434 10979
748 417 11521
749 423 11688
750 420 11287
751 419 11419
752 417 11368
753 431 10999
754 422 10960
755 437 11459
756 429 10575
757 436 10431
758 441 10783
759 433 10854
760 420 10586
761 423 9993
762 426 10845
763 441 11203
764 408 11574
765 428 11761
766 422 11253
767 436 11837
768 430 11148
769 407 11240
770 429 10678
771 440 11062
772 442 11016
773 420 11098
774 433 11903
775 432 11015
776 433 10825
777 435 12152
778 426 11303
779 421 11097
780 434 10613
781 433 11310
782 429 10210
783 427 10797
784 419 11611
785 413 12138
786 431 11674
787 418 11749
788 423 10173
789 420 11529
790 431 11095
791 432 11313
792 419 11394
793 427 11858
794 428 11224
795 416 10761
796 434 11722
797 425 11426
798 428 10879
799 437 10913
800 425 11767
801 429 11766
802 437 10782
803 426 11139
804 421 11461
805 427 11419
806 425 10946
807 429 11293
808 433 10753
809 436 11498
810 433 11776
811 433 11531
812 430 11897
813 428 10428
814 431 10438
815 424 11669
816 418 11268
817 437 10816
818 437 11980
819 422 10941
820 415 11416
821 416 10948
822 413 11446
823 424 11185
824 426 11176
825 413 11415
826 424 11621
827 405 11137
828 426 11455
829 427 10987
830 425 10675
831 406 11243
832 422 11908
833 414 10533
834 429 12040
835 411 10890
836 410 10178
837 415 11337
838 407 10800
839 412 11564
840 433 12316
841 403 11948
842 386 10748
843 418 11613
844 421 11250
845 423 10718
846 417 11806
847 424 10599
848 411 11076
849 405 11350
850 405 11907
851 403 12713
852 408 11200
853 405 12155
854 413 11354
855 408 10992
856 400 11616
857 402 12006
858 423 11369
859 396 12701
860 410 11463
861 423 11463
862 418 11752
863 413 11469
864 411 10857
865 418 11335
866 417 11008
867 420 11830
868 412 10933
869 418 10689
870 415 11650
871 415 10795
872 411 11013
873 391 11961
874 395 10874
875 408 12031
876 400 11790
877 405 11888
878 400 11485
879 389 11668
880 397 11361
881 419 11389
882 395 11928
883 394 11014
884 402 11552
885 397 11363
886 405 11053
887 393 10948
888 392 10804
889 406 10756
890 389 10427
891 403 10740
892 413 11394
893 408 10767
894 388 11754
895 402 10713
896 407 11113
897 397 11017
898 400 11771
899 405 10249
900 398 12157
901 405 11541
902 397 10852
903 399 10265
904 416 10972
905 398 11385
906 398 10914
907 406 10639
908 408 10136
909 412 11546
910 405 11694
911 383 11491
912 395 11303
913 401 10966
914 408 11185
915 396 12290
916 409 11500
917 402 10960
918 424 10905
919 394 10907
920 392 11022
921 413 11320
922 401 10159
923 396 11626
924 403 10805
925 377 11172
926 408 11264
927 409 10765
928 403 10544
929 396 10464
930 393 11591
931 415 10979
932 408 10001
933 406 11409
934 409 11002
935 397 11920
936 413 11186
937 393 11034
938 407 11241
939 416 11237
940 397 11314
941 407 11075
942 408 10811
943 408 10980
944 409 10856
945 399 11001
946 419 10622
947 420 11031
948 410 10053
949 412 11142
950 392 11179
951 402 11910
952 408 11494
953 404 11397
954 406 11177
955 399 12230
956 405 11012
957 413 11979
958 410 11039
959 398 11607
960 405 10711
961 398 10934
962 401 10347
963 396 11471
964 407 11208
965 395 10965
966 410 10978
967 419 11628
968 407 10879
969 408 11430
970 400 10741
971 412 11317
972 413 10890
973 401 11281
974 401 11269
975 395 11196
976 401 11208
977 404 11169
978 406 11117
979 400 10548
980 402 10497
981 411 12022
982 388 10907
983 412 10941
984 379 11443
985 434 11087
986 406 10853
987 417 11558
988 398 11518
989 389 11144
990 399 11475
991 400 10956
992 412 11784
993 381 10619
994 409 11482
995 395 11822
996 402 11331
997 414 11296
998 389 10836
999 417 10747
1000 393 13485
1 389 13837
2 396 11723
3 420 11519
4 402 12000
5 421 11162
6 419 10832
7 399 11686
8 404 11348
9 405 11502
10 402 11083
11 395 12013
12 409 10626
13 403 11846
14 416 10568
15 395 11406
16 408 12261
17 407 10457
18 394 11746
19 409 11595
20 400 11287
21 407 11108
22 396 12114
23 412 12030
24 399 11439
25 417 10441
26 403 12013
27 406 11483
28 406 11166
29 409 11838
30 409 11198
31 413 12020
32 408 11287
33 387 11657
34 416 10910
35 419 10414
36 401 11680
37 403 11884
38 419 11978
39 408 11436
40 409 11325
41 413 11365
42 419 10997
43 393 10611
44 418 11701
45 408 12022
46 399 11023
47 403 11629
48 409 11501
49 400 11958
50 418 11517
51 403 11570
52 417 11256
53 407 11307
54 415 10922
55 389 11491
56 417 11474
57 412 11131
58 410 10902
59 408 11326
60 398 10554
61 404 11233
62 400 11439
63 416 10631
64 400 11378
65 411 11274
66 398 12112
67 413 11242
68 414 10623
69 411 12066
70 404 11944
71 417 11840
72 387 11093
73 412 11935
74 407 11444
75 400 11594
76 409 10840
77 413 11737
78 407 11359
79 410 12095
80 413 11875
81 400 11983
82 403 11970
83 422 11567
84 412 10528
85 408 11366
86 400 11463
87 388 11739
88 415 10850
89 393 11771
90 413 11092
91 416 10605
92 391 11372
93 406 11429
94 401 12086
95 394 11933
96 409 11102
97 401 11359
98 397 11359
99 416 11992
100 409 11632
101 402 10061
102 396 10997
103 398 11772
104 400 11392
105 404 11565
106 417 11682
107 394 11538
108 415 11318
109 394 12327
110 400 11527
111 399 11132
112 418 12567
113 393 11016
114 395 10758
115 411 11415
116 388 11425
117 414 12040
118 406 11233
119 402 11937
120 404 10840
121 395 11372
122 415 10980
123 391 11375
124 418 11422
125 399 11418
126 405 12097
127 402 12590
128 428 11158
129 406 11597
130 410 11472
131 403 11233
132 411 12343
133 407 10812
134 408 11347
135 402 11576
136 402 11428
137 399 11417
138 419 11810
139 391 11549
140 402 11681
141 403 11127
142 406 11620
143 416 11643
144 419 11165
145 401 10477
146 409 11995
147 407 10582
148 416 10943
149 413 10807
150 412 11954
151 420 11631
152 394 11764
153 403 11361
154 393 12174
155 412 11479
156 410 11892
157 403 11120
158 424 12465
159 426 11752
160 403 10904
161 416 12180
162 395 11915
163 416 11770
164 414 11800
165 403 11248
166 399 11405
167 399 10968
168 403 11722
169 404 10716
170 408 10892
171 408 12127
172 414 11225
173 408 9851
174 406 11834
175 398 10754
176 404 11964
177 413 12303
178 424 11311
179 413 11459
180 411 11609
181 391 10892
182 418 12058
183 417 12439
184 395 10614
185 412 11492
186 401 11622
187 415 11226
188 411 12380
189 399 11028
190 400 10623
191 411 11348
192 384 11197
193 409 11553
194 424 11452
195 408 11914
196 411 11292
197 420 12885
198 417 12595
199 404 11015
200 414 11380
201 403 11760
202 409 11473
203 395 10316
204 413 11242
205 401 12071
206 408 11354
207 400 11977
208 404 10963
209 417 11797
210 403 11874
211 415 11211
212 407 12499
213 417 11826
214 417 11914
215 417 11124
216 392 11454
217 418 11427
218 396 12426
219 401 11692
220 404 11523
221 393 11859
222 416 12638
223 405 10909
224 417 11965
225 406 10969
226 396 12052
227 405 11674
228 404 11677
229 400 10832
230 394 11062
231 417 11059
232 408 11076
233 412 11442
234 416 12173
235 405 11072
236 390 11688
237 417 11175
238 413 11499
239 406 12486
240 389 11315
241 416 10877
242 410 11562
243 413 12042
244 410 11024
245 409 11786
246 407 11022
247 407 11584
248 405 11440
249 406 10867
250 420 11605
251 409 11395
252 392 11596
253 394 12051
254 401 10987
255 411 11222
256 405 10919
257 403 12210
258 404 11609
259 409 11707
260 407 12238
261 407 11034
262 389 11620
263 405 11240
264 395 11555
265 383 10816
266 416 11099
267 390 11379
268 419 10901
269 404 10852
270 390 10567
271 393 11755
272 388 11619
273 413 11738
274 400 10373
275 387 11668
276 396 11216
277 403 11211
278 388 11290
279 401 11581
280 385 11816
281 400 11673
282 394 12005
283 413 11985
284 395 10238
285 414 10479
286 400 11738
287 403 11625
288 390 11653
289 387 12059
290 411 11672
291 405 11079
292 419 11865
293 398 10948
294 407 11383
295 406 11167
296 404 11935
297 391 12043
298 390 10493
299 387 10715
300 400 11092
301 409 11281
302 402 11050
303 409 11390
304 391 10975
305 412 11335
306 412 11967
307 397 11629
308 410 10600
309 409 11448
310 412 11362
311 410 11859
312 411 11459
313 412 11144
314 420 12078
315 407 10920
316 406 10992
317 393 10370
318 405 11584
319 401 10688
320 402 11345
321 397 11944
322 410 11098
323 408 10997
324 401 11279
325 388 10667
326 408 11620
327 404 12033
328 418 10878
329 413 10531
330 419 10757
331 416 10613
332 412 11279
333 413 11350
334 411 11103
335 417 11719
336 399 10962
337 403 11124
338 401 11596
339 416 11803
340 397 10788
341 403 11162
342 399 11228
343 425 10913
344 402 11476
345 408 10347
346 406 11363
347 415 11565
348 415 11470
349 420 10977
350 399 11245
351 416 10876
352 406 10732
353 416 12101
354 396 11622
355 403 10832
356 411 11092
357 408 10539
358 411 11235
359 407 11571
360 411 10991
361 424 10904
362 420 10297
363 421 10509
364 406 10957
365 395 11183
366 409 11650
367 401 10568
368 404 11438
369 419 11480
370 416 11234
371 424 10754
372 426 10420
373 418 9955
374 405 11072
375 421 10914
376 419 11423
377 408 11050
378 426 12235
379 420 11414
380 423 10463
381 417 11177
382 410 11142
383 422 10362
384 422 10465
385 419 10812
386 419 10443
387 425 10938
388 418 11082
389 412 11325
390 429 10328
391 427 10482
392 430 10983
393 425 10574
394 422 10999
395 416 10233
396 406 11504
397 421 10581
398 416 11511
399 396 10922
400 422 11045
401 414 10239
402 416 11552
403 414 10465
404 427 10904
405 418 11061
406 405 10325
407 420 10553
408 404 10233
409 424 11265
410 394 10850
411 414 10566
412 400 10698
413 428 11279
414 417 10512
415 412 10811
416 420 10897
417 416 10828
418 409 11219
419 421 10793
420 407 11441
421 421 10782
422 406 11552
423 399 10829
424 412 12252
425 412 11131
426 417 10596
427 409 10217
428 410 11334
429 418 10093
430 405 10801
431 409 11701
432 417 10709
433 407 11752
434 419 10853
435 419 10618
436 431 10385
437 420 10689
438 413 11293
439 417 11245
440 411 11443
441 417 11384
442 418 11013
443 416 11974
444 421 11004
445 423 11251
446 418 10575
447 418 10698
448 418 11045
449 427 10898
450 415 10670
451 415 11067
452 414 10425
453 417 10610
454 413 11952
455 409 10744
456 420 11556
457 413 10806
458 412 11203
459 416 10809
460 410 11315
461 414 11052
462 406 11042
463 411 12402
464 406 10400
465 417 10456
466 429 11011
467 420 10190
468 420 10911
469 416 10414
470 420 10736
471 432 10645
472 413 10412
473 423 10017
474 413 11092
475 429 11305
476 420 11211
477 427 10290
478 428 10334
479 424 10474
480 419 11677
481 414 10541
482 413 10493
483 410 10255
484 426 11073
485 428 11234
486 414 9769
487 429 10612
488 420 11830
489 426 10874
490 419 11036
491 428 10197
492 425 11326
493 430 10974
494 427 10809
495 422 9944
496 413 10922
497 419 10869
498 419 11374
499 417 10563
500 415 11541
501 411 10535
502 426 11496
503 423 10839
504 425 10828
505 423 10365
506 422 11598
507 421 11293
508 424 11553
509 425 11088
510 420 10925
511 419 9915
512 418 11891
513 411 10515
514 408 11523
515 425 11015
516 425 10861
517 422 11113
518 419 11813
519 412 11507
520 428 10675
521 428 10906
522 422 10429
523 415 11488
524 424 10720
525 417 10551
526 417 10538
527 415 10423
528 426 10796
529 413 10905
530 415 10568
531 413 11570
532 416 11792
533 413 11032
534 418 11459
535 404 10073
536 413 11867
537 420 11276
538 412 11104
539 414 11069
540 426 11457
541 410 11177
542 412 11303
543 417 10853
544 410 11617
545 418 10608
546 406 10177
547 423 11796
548 415 10649
549 410 11035
550 409 12157
551 407 10943
552 404 11295
553 420 11343
554 397 10948
555 410 10557
556 412 10251
557 407 11807
558 405 11687
559 409 11470
560 393 12085
561 408 11142
562 401 10818
563 418 12087
564 408 11410
565 419 12193
566 404 11725
567 406 10935
568 413 12383
569 417 11169
570 410 11469
571 411 10618
572 405 11930
573 410 12206
574 414 10740
575 418 11444
576 416 11440
577 410 11403
578 408 11540
579 403 10994
580 405 11242
581 410 11352
582 405 10727
583 404 10979
584 413 11119
585 409 10781
586 409 11764
587 405 10652
588 418 11551
589 405 11394
590 393 11187
591 414 11541
592 403 10796
593 393 11314
594 409 10828
595 399 10797
596 397 9700
597 389 11513
598 385 11540
599 400 11443
600 406 11062
601 375 11260
602 388 11811
603 401 10760
604 405 10615
605 400 10739
606 404 11088
607 408 10485
608 392 11039
609 404 11362
610 406 11091
611 403 11360
612 390 11059
613 409 10748
614 403 10050
615 410 10884
616 406 11346
617 407 10178
618 392 10904
619 419 11078
620 409 11811
621 396 10848
622 396 11126
623 414 11228
624 404 10629
625 406 10488
626 419 11082
627 408 11509
628 399 11635
629 412 11000
630 410 12298
631 426 10459
632 424 11069
633 421 9853
634 397 11468
635 406 10646
636 400 11372
637 399 11205
638 409 11063
639 399 10811
640 409 10909
641 398 11075
642 402 11529
643 380 11407
644 397 10718
645 377 10826
646 402 10892
647 380 10942
648 403 11751
649 390 11329
650 394 11312
651 387 10643
652 398 10951
653 394 11130
654 396 10867
655 388 10998
656 398 11588
657 386 11771
658 402 11877
659 415 11263
660 388 10450
661 415 11370
662 406 9893
663 397 10578
664 391 10692
665 418 11110
666 398 11776
667 397 10554
668 407 11442
669 405 11247
670 403 10777
671 394 11750
672 386 10435
673 421 10857
674 410 11635
675 418 10726
676 414 11267
677 394 10335
678 410 11772
679 412 10324
680 423 10949
681 418 10443
682 414 10503
683 413 10425
684 414 10895
685 411 11140
686 404 11149
687 399 11009
688 422 10804
689 405 10906
690 402 11766
691 395 11271
692 419 10744
693 420 10844
694 419 10499
695 418 10798
696 424 10678
697 423 11050
698 423 10805
699 414 11072
700 413 10321
701 418 10281
702 419 10412
703 413 11222
704 415 10884
705 411 10442
706 428 10270
707 417 11284
708 421 10563
709 411 10422
710 419 10514
711 401 10637
712 421 10966
713 423 11212
714 423 10919
715 418 9883
716 420 10286
717 412 10708
718 421 11163
719 404 11747
720 395 11084
721 412 11019
722 404 11161
723 409 10697
724 406 10890
725 402 10066
726 424 11234
727 413 10875
728 411 10395
729 407 11125
730 400 10974
731 400 11180
732 424 10997
733 416 11717
734 416 10696
735 425 11236
736 422 11120
737 415 11200
738 402 10633
739 416 10859
740 420 11248
741 417 10772
742 427 11046
743 412 11386
744 410 10498
745 400 10894
746 421 11098
747 416 10787
748 405 11320
749 422 11042
750 402 10562
751 406 10889
752 409 10926
753 423 11300
754 407 10826
755 420 11478
756 411 10743
757 403 10406
758 413 10977
759 402 10004
760 399 10590
761 406 11280
762 416 11800
763 409 10637
764 406 11011
765 411 11343
766 404 10703
767 409 11446
768 387 10528
769 394 12377
770 388 10925
771 395 11033
772 403 10893
773 395 11341
774 400 11086
775 414 11254
776 429 11217
777 403 10390
778 421 10383
779 404 10835
780 408 11509
781 409 10657
782 400 11264
783 407 11142
784 406 10648
785 399 11161
786 416 11254
787 418 10397
788 404 11171
789 402 10447
790 412 10784
791 413 10741
792 409 11362
793 408 11295
794 400 10331
795 405 11334
796 401 10942
797 422 11041
798 400 10745
799 416 10272
800 423 10866
801 425 10402
802 404 10330
803 409 11166
804 410 10711
805 415 10063
806 415 10040
807 422 10430
808 426 10865
809 414 10635
810 399 10364
811 410 11403
812 411 10808
813 400 11108
814 421 10671
815 422 10612
816 415 11314
817 410 11061
818 405 11083
819 398 11034
820 416 11833
821 413 11387
822 419 11273
823 416 11225
824 423 10683
825 418 10060
826 422 11425
827 427 10527
828 421 10916
829 420 11333
830 427 10920
831 404 11467
832 424 11098
833 429 11429
834 424 10758
835 422 11802
836 415 10437
837 410 10394
838 407 10799
839 409 11110
840 408 10434
841 411 12046
842 409 10697
843 405 11465
844 409 10588
845 427 11211
846 420 10591
847 415 10529
848 419 10387
849 400 11984
850 397 10600
851 403 11091
852 399 10483
853 404 10824
854 392 11621
855 402 11523
856 410 11175
857 405 10439
858 402 10712
859 417 11162
860 395 11986
861 384 10504
862 396 11136
863 413 11725
864 394 11072
865 398 10317
866 407 10210
867 416 11230
868 398 10007
869 408 11177
870 412 10668
871 411 10940
872 404 10928
873 396 11480
874 404 11046
875 402 11346
876 407 10963
877 395 11250
878 405 11496
879 420 11025
880 415 10849
881 411 11403
882 393 10953
883 410 11264
884 416 10958
885 418 10925
886 408 11274
887 413 10960
888 419 10911
889 427 10791
890 420 10960
891 406 10739
892 416 11726
893 413 11144
894 415 11753
895 407 10945
896 413 10826
897 401 11094
898 419 10837
899 398 10744
900 415 10803
901 422 10957
902 403 10864
903 412 10339
904 410 10905
905 393 10763
906 406 11206
907 419 11227
908 404 11559
909 412 11721
910 415 10687
911 411 10783
912 406 12212
913 397 10545
914 407 11282
915 399 10843
916 411 10659
917 404 10604
918 394 10606
919 389 12009
920 399 11430
921 397 11758
922 404 11346
923 396 11006
924 404 10209
925 397 11102
926 400 11201
927 411 11537
928 390 11488
929 402 10816
930 394 10850
931 387 10868
932 384 11291
933 396 11071
934 392 11815
935 424 11448
936 409 11877
937 417 11755
938 424 11617
939 421 12368
940 427 12368
941 416 10938
942 425 11533
943 414 12247
944 402 11401
945 425 10742
946 416 11905
947 415 12198
948 387 12410
949 431 10999
950 404 12020
951 426 11865
952 426 11353
953 414 11100
954 409 11883
955 414 10725
956 416 12886
957 410 11607
958 418 11967
959 415 11248
960 411 11909
961 401 11160
962 407 11355
963 431 11556
964 405 12093
965 424 11969
966 419 10427
967 414 12419
968 408 12137
969 425 12005
970 398 12559
971 404 10890
972 433 11666
973 407 12421
974 415 11836
975 416 11796
976 399 11369
977 414 11799
978 423 10975
979 418 10108
980 427 11534
981 422 11082
982 406 12541
983 404 11150
984 412 11088
985 426 11362
986 419 11542
987 423 11233
988 405 11722
989 408 11153
990 424 12217
991 413 11674
992 431 12408
993 411 12268
994 411 11498
995 397 11623
996 421 12259
997 405 12357
998 416 11022
999 439 10129
1000 432 13286
