1 380 18849
2 411 16176
3 401 17053
4 413 15495
5 403 16532
6 394 16771
7 403 16595
8 406 16318
9 411 16155
10 406 16476
11 395 17076
12 418 15336
13 389 17667
14 402 16754
15 409 16243
16 378 18287
17 411 16304
18 417 15886
19 416 15543
20 408 16305
21 404 16269
22 399 16504
23 413 15397
24 393 17079
25 412 15854
26 413 16093
27 403 16421
28 405 16207
29 418 15563
30 410 15692
31 415 15864
32 405 16560
33 397 16592
34 404 16479
35 408 15980
36 421 15177
37 418 15179
38 408 16234
39 407 16587
40 401 16429
41 383 17730
42 409 16520
43 393 17480
44 413 16208
45 389 17677
46 412 16218
47 400 16951
48 396 16618
49 401 16493
50 396 17269
51 404 16481
52 407 16324
53 411 16149
54 394 16704
55 407 16198
56 419 15826
57 417 15422
58 409 16193
59 404 16443
60 410 16423
61 414 15929
62 406 16694
63 413 16197
64 407 16100
65 397 17066
66 399 16621
67 397 16640
68 411 16072
69 393 17177
70 400 16605
71 396 16686
72 419 15667
73 406 16455
74 410 15962
75 406 16422
76 395 16741
77 419 15303
78 398 16830
79 411 15934
80 425 15189
81 408 15838
82 413 15610
83 423 15142
84 399 16751
85 414 15914
86 403 16852
87 412 16168
88 409 15818
89 414 15847
90 412 16120
91 399 16305
92 420 15460
93 424 15516
94 411 16257
95 417 15325
96 406 16327
97 407 16354
98 401 16839
99 409 16176
100 412 16075
101 419 15616
102 429 15243
103 422 15319
104 420 15667
105 423 15243
106 397 16861
107 414 15902
108 426 14882
109 414 15860
110 426 15452
111 427 15057
112 438 14408
113 422 15176
114 423 15527
115 428 14892
116 417 16067
117 425 15102
118 409 16702
119 405 16017
120 413 16189
121 405 16222
122 421 15611
123 423 15307
124 420 15521
125 420 15594
126 413 16198
127 417 15484
128 419 15898
129 414 15589
130 421 15374
131 418 15401
132 417 15885
133 422 15294
134 393 17028
135 409 15906
136 406 16500
137 418 15621
138 415 15581
139 415 15850
140 420 15568
141 398 17095
142 399 16603
143 412 16147
144 406 16557
145 415 15903
146 406 16180
147 406 16483
148 403 16651
149 404 16402
150 405 16238
151 402 16317
152 413 15994
153 400 17015
154 425 15256
155 414 15726
156 409 16320
157 409 16221
158 407 16215
159 407 16277
160 400 16677
161 413 15803
162 409 16196
163 418 15405
164 417 16001
165 396 16864
166 402 16739
167 418 15581
168 400 16653
169 410 15866
170 407 16042
171 404 16604
172 404 16309
173 408 16102
174 409 16095
175 415 15542
176 397 17029
177 406 16177
178 415 15763
179 407 15855
180 417 15389
181 409 15838
182 420 15549
183 403 16641
184 411 16185
185 409 16311
186 421 15209
187 408 16324
188 418 15729
189 428 14818
190 418 15832
191 405 16275
192 419 15123
193 419 15674
194 411 16186
195 398 16609
196 427 15177
197 410 16501
198 426 14942
199 436 14941
200 422 15026
201 423 14935
202 420 15110
203 419 15638
204 419 15171
205 408 16587
206 403 16115
207 397 17051
208 417 15699
209 418 16409
210 421 15615
211 416 16160
212 416 15214
213 410 15985
214 419 15809
215 408 16148
216 421 15555
217 402 16873
218 429 15086
219 406 16562
220 420 15122
221 418 15805
222 432 14898
223 411 16364
224 413 15603
225 405 16790
226 416 15598
227 410 16483
228 402 16234
229 422 15241
230 415 15824
231 411 16229
232 430 15429
233 402 16638
234 419 15719
235 405 16700
236 405 16429
237 424 15277
238 422 15627
239 413 16518
240 429 15090
241 404 16879
242 429 14907
243 396 17195
244 432 14589
245 400 17271
246 413 15522
247 413 15959
248 414 15759
249 416 15972
250 420 15633
251 398 16906
252 421 15219
253 415 15744
254 407 16215
255 402 16220
256 414 15769
257 407 16259
258 412 16062
259 408 16289
260 397 16301
261 405 15836
262 395 16608
263 392 16574
264 395 16426
265 378 17285
266 405 15930
267 373 17375
268 392 16586
269 395 16674
270 396 16311
271 400 15991
272 394 16087
273 410 15432
274 411 15374
275 398 16021
276 394 16680
277 401 15905
278 384 16785
279 399 15844
280 393 16914
281 396 16596
282 404 15878
283 416 15010
284 400 16160
285 396 16608
286 409 15285
287 397 16598
288 407 15651
289 393 16436
290 395 16136
291 408 15413
292 394 16231
293 378 17437
294 406 15661
295 404 15999
296 403 15941
297 398 16392
298 399 15897
299 396 16622
300 395 16566
301 397 16243
302 417 15227
303 418 14814
304 380 17131
305 404 16294
306 396 16706
307 405 15499
308 402 15877
309 415 14834
310 398 16044
311 408 15506
312 399 16392
313 405 15728
314 413 15419
315 413 15650
316 405 15646
317 398 16002
318 397 15655
319 404 15653
320 413 15461
321 402 15592
322 405 15451
323 402 15874
324 387 17003
325 419 15099
326 403 15624
327 403 15724
328 397 16684
329 412 15182
330 404 15670
331 398 16374
332 404 15661
333 400 15756
334 410 15699
335 387 16751
336 401 15310
337 398 16492
338 409 15621
339 411 15417
340 388 16614
341 410 15068
342 408 15325
343 408 15675
344 400 16068
345 408 15809
346 384 17179
347 413 15179
348 402 15788
349 404 16151
350 386 16768
351 399 16041
352 401 15932
353 378 17127
354 408 15697
355 393 16933
356 408 15327
357 407 15713
358 407 15826
359 401 15902
360 407 15526
361 418 14855
362 398 16048
363 406 15701
364 408 15805
365 409 15644
366 400 16477
367 418 14640
368 404 16382
369 406 15670
370 384 17099
371 407 15849
372 401 16312
373 408 15534
374 393 16938
375 399 16483
376 384 17103
377 404 15913
378 389 16828
379 406 16028
380 406 15724
381 405 15714
382 412 15222
383 418 14896
384 411 15409
385 417 14875
386 411 15438
387 391 16876
388 409 15198
389 400 16272
390 416 15145
391 398 16552
392 409 15346
393 406 15756
394 404 15850
395 399 16532
396 400 16299
397 401 15736
398 394 16612
399 401 15947
400 405 16030
401 401 16028
402 405 15763
403 402 15700
404 393 16456
405 388 16553
406 406 15792
407 391 16694
408 399 15916
409 397 16580
410 402 15638
411 393 16873
412 403 15761
413 399 16123
414 415 15238
415 403 15479
416 396 15954
417 405 15715
418 400 16377
419 383 16993
420 401 15683
421 402 16259
422 397 16152
423 416 15231
424 394 16388
425 403 15839
426 405 15713
427 416 15181
428 400 16007
429 417 14968
430 402 16192
431 414 15193
432 389 16663
433 410 15532
434 396 16096
435 393 16286
436 387 17137
437 396 16081
438 409 15476
439 405 15805
440 408 15506
441 397 15798
442 395 16469
443 409 15573
444 402 15529
445 404 15883
446 399 16244
447 391 16730
448 398 16239
449 406 16049
450 404 15913
451 417 15184
452 391 16548
453 397 15738
454 386 17036
455 393 16364
456 409 15770
457 404 15868
458 407 15628
459 409 15299
460 390 16577
461 407 15345
462 415 15099
463 392 16633
464 397 16278
465 404 15940
466 409 15758
467 413 15284
468 390 16621
469 399 16342
470 402 15719
471 403 16348
472 405 15829
473 398 16343
474 402 15690
475 388 17004
476 377 17416
477 409 15774
478 403 15364
479 394 16355
480 392 16354
481 400 15811
482 403 15734
483 400 15901
484 409 15471
485 394 16568
486 400 16043
487 408 15348
488 409 15106
489 406 15707
490 405 16069
491 395 15975
492 409 15678
493 408 15591
494 389 16667
495 391 16623
496 412 15148
497 399 16094
498 409 15320
499 386 17050
500 406 16024
501 389 16395
502 408 15727
503 387 16827
504 397 16210
505 413 15338
506 398 16453
507 406 16349
508 401 15971
509 405 15396
510 398 16344
511 386 16790
512 405 15658
513 408 15630
514 408 15435
515 399 16110
516 417 15157
517 413 14885
518 398 16212
519 412 15347
520 412 15577
521 396 15775
522 395 16598
523 407 15548
524 404 15946
525 400 16123
526 414 15378
527 389 16968
528 414 15134
529 404 15688
530 416 15178
531 408 15725
532 391 16873
533 419 14833
534 410 15789
535 403 16067
536 416 14942
537 407 16277
538 416 15150
539 399 16399
540 413 15425
541 399 16174
542 404 15722
543 400 16385
544 411 15381
545 408 16167
546 403 16023
547 406 16027
548 414 15748
549 403 15642
550 412 15722
551 397 16307
552 416 15104
553 396 16671
554 405 15627
555 403 16424
556 407 15564
557 416 15299
558 389 16755
559 418 15122
560 401 15861
561 397 15860
562 384 16790
563 404 15392
564 418 15095
565 414 15239
566 407 15241
567 398 16382
568 394 16267
569 374 17660
570 390 16814
571 406 16013
572 399 16867
573 397 16400
574 400 16797
575 396 16941
576 411 15768
577 410 15834
578 408 16128
579 412 15601
580 410 15929
581 402 16565
582 386 17178
583 411 15972
584 413 15912
585 400 16013
586 405 15889
587 395 16896
588 409 16210
589 392 16702
590 403 16511
591 405 16288
592 414 15738
593 418 15354
594 421 15068
595 418 15626
596 402 16448
597 395 16610
598 394 17031
599 401 16787
600 411 15920
601 403 16273
602 412 15872
603 409 16179
604 389 17000
605 398 17002
606 405 16170
607 398 16488
608 400 16592
609 415 15369
610 405 16352
611 411 15675
612 408 15983
613 400 16346
614 415 15444
615 415 15799
616 409 15893
617 414 15706
618 400 16164
619 418 15436
620 420 15731
621 402 16291
622 412 15799
623 410 15520
624 393 16870
625 415 15632
626 410 15773
627 401 16299
628 404 15899
629 402 16645
630 417 15939
631 413 15389
632 417 15586
633 413 15533
634 407 15709
635 408 15846
636 401 16117
637 389 16851
638 411 15771
639 413 15733
640 397 16494
641 397 16614
642 403 16120
643 402 16067
644 394 16397
645 410 15841
646 396 16477
647 420 15326
648 421 15197
649 413 15809
650 417 15303
651 414 15755
652 407 16118
653 406 16180
654 403 15976
655 423 15474
656 411 15510
657 415 15884
658 400 16539
659 406 16343
660 410 15746
661 379 17847
662 416 15431
663 394 16912
664 400 16044
665 394 16403
666 401 16208
667 410 15906
668 406 16020
669 418 15574
670 407 16269
671 397 16069
672 402 16692
673 418 15708
674 408 15989
675 399 16532
676 392 16743
677 412 16070
678 413 15515
679 411 15555
680 411 15740
681 398 16749
682 403 16321
683 403 16170
684 403 16468
685 418 15605
686 397 16529
687 428 15124
688 393 16709
689 411 15641
690 419 15577
691 408 15655
692 398 16614
693 401 16279
694 412 15895
695 409 15772
696 396 16918
697 418 15565
698 395 16618
699 407 16126
700 420 15367
701 396 16589
702 412 15810
703 402 16479
704 407 16103
705 416 15293
706 400 16234
707 415 15620
708 399 16510
709 416 15319
710 415 15655
711 416 15394
712 405 16361
713 421 15281
714 402 15860
715 409 15570
716 384 17650
717 414 15755
718 411 15675
719 408 15899
720 391 17084
721 392 16395
722 409 15880
723 410 15941
724 401 16143
725 402 16343
726 400 16790
727 415 15342
728 393 16562
729 402 16305
730 417 15655
731 395 16426
732 408 15906
733 408 16441
734 398 16315
735 401 16550
736 407 16411
737 420 15392
738 409 15931
739 390 16657
740 386 17049
741 415 15509
742 414 15849
743 410 15898
744 405 16286
745 402 16441
746 390 16754
747 396 16479
748 408 16183
749 416 15369
750 418 15302
751 417 15455
752 409 15725
753 423 14820
754 412 15389
755 418 15640
756 408 15895
757 400 15981
758 417 15744
759 422 15391
760 393 16858
761 421 15163
762 402 16729
763 410 15776
764 413 15695
765 405 15874
766 405 16335
767 392 16937
768 414 15624
769 398 16310
770 398 16593
771 413 15867
772 398 16165
773 415 15735
774 413 15467
775 409 16405
776 407 16339
777 393 16727
778 413 15810
779 412 15792
780 420 14711
781 416 15733
782 412 15434
783 419 15371
784 400 16284
785 408 16085
786 402 16441
787 388 17186
788 398 16591
789 405 16188
790 408 16044
791 421 15091
792 408 15967
793 407 15836
794 406 16078
795 402 16599
796 401 15942
797 399 16473
798 408 15880
799 402 16136
800 417 15798
801 410 15802
802 398 16155
803 401 16281
804 394 16285
805 410 15843
806 413 15676
807 401 16243
808 417 15601
809 387 17168
810 403 16238
811 391 16749
812 422 15186
813 410 15976
814 408 15687
815 398 16442
816 404 16281
817 405 16043
818 411 15923
819 393 16758
820 416 15665
821 409 16080
822 420 15202
823 408 16078
824 410 15858
825 414 15551
826 403 16052
827 396 16568
828 411 15538
829 407 16536
830 422 15334
831 412 16036
832 415 15393
833 414 15803
834 412 15780
835 411 15794
836 411 15632
837 397 16751
838 408 15845
839 387 17308
840 407 16152
841 404 16299
842 425 15348
843 401 16268
844 408 16162
845 402 16369
846 402 16392
847 413 15566
848 404 16530
849 420 15064
850 400 16657
851 404 16262
852 416 15459
853 413 16021
854 408 15760
855 402 16131
856 413 15795
857 403 16299
858 396 16397
859 398 16759
860 416 15946
861 411 15538
862 419 15412
863 399 16166
864 416 15558
865 410 15956
866 425 15343
867 415 15589
868 403 16304
869 398 16551
870 410 15774
871 402 16387
872 398 16366
873 417 15754
874 422 15339
875 403 16025
876 415 15171
877 399 16407
878 403 15958
879 401 16584
880 405 15988
881 397 16712
882 421 15214
883 416 15266
884 415 15587
885 401 16400
886 413 15482
887 409 15486
888 410 15930
889 396 17075
890 406 16040
891 387 16998
892 403 16305
893 412 15843
894 405 16670
895 408 16177
896 410 15968
897 396 16526
898 412 15774
899 408 15883
900 408 15876
901 421 15021
902 421 15141
903 413 15774
904 392 16610
905 419 15592
906 408 16149
907 401 16178
908 402 16692
909 390 16943
910 411 15513
911 388 17655
912 393 16686
913 408 16122
914 388 17233
915 400 16364
916 409 16517
917 416 15690
918 419 16271
919 386 17937
920 418 15848
921 400 17198
922 417 15872
923 417 15926
924 415 15944
925 401 16985
926 414 16363
927 425 15680
928 409 16272
929 417 16691
930 389 17631
931 421 15884
932 422 15684
933 419 15879
934 410 16305
935 419 16116
936 423 15619
937 429 15576
938 422 15578
939 413 16215
940 407 16768
941 408 16217
942 412 15888
943 403 16747
944 402 16819
945 397 17349
946 388 17774
947 412 16455
948 399 17118
949 406 16174
950 417 16296
951 417 16298
952 412 16119
953 410 16540
954 402 16976
955 425 15626
956 398 16972
957 422 15556
958 417 16323
959 423 15934
960 415 16147
961 421 15605
962 410 16653
963 414 16027
964 409 16087
965 424 15712
966 420 15634
967 414 16260
968 426 15475
969 423 15678
970 431 15169
971 416 16074
972 424 15465
973 415 16170
974 423 15396
975 422 16077
976 410 16085
977 423 15606
978 406 16909
979 417 16052
980 409 16219
981 411 16501
982 409 16452
983 419 15659
984 420 15935
985 405 16849
986 402 16702
987 421 15679
988 384 18133
989 413 15951
990 409 16516
991 423 15704
992 421 16199
993 413 15869
994 412 16505
995 408 16506
996 426 15608
997 400 16916
998 415 16090
999 447 14315
1000 399 18249
1 397 18134
2 396 16993
3 407 16461
4 396 16905
5 393 17915
6 415 16328
7 402 16708
8 400 16936
9 408 16728
10 414 15986
11 399 17065
12 401 16840
13 427 15087
14 408 16416
15 411 16205
16 402 16429
17 401 16967
18 410 16082
19 401 17284
20 414 16197
21 405 16511
22 416 15969
23 415 16017
24 399 16833
25 419 15632
26 409 16585
27 421 15957
28 410 16038
29 406 16730
30 416 16530
31 427 15501
32 412 16238
33 414 15868
34 404 17116
35 420 15079
36 399 17183
37 411 16103
38 411 15807
39 411 15810
40 427 15686
41 407 16572
42 417 15818
43 418 16504
44 406 15953
45 417 15813
46 402 16784
47 417 16258
48 407 16713
49 410 15923
50 414 15919
51 411 16216
52 424 15575
53 412 15959
54 415 15432
55 400 17322
56 411 16206
57 421 15519
58 431 15222
59 411 16091
60 415 15104
61 398 17024
62 421 15899
63 405 16681
64 420 15816
65 422 15611
66 414 15585
67 417 16479
68 422 15524
69 412 16149
70 424 15481
71 422 15569
72 427 15173
73 410 16175
74 414 15645
75 421 16393
76 411 15828
77 412 16259
78 419 15797
79 406 16814
80 420 15697
81 418 16084
82 420 15595
83 424 15452
84 424 15248
85 401 16817
86 411 15995
87 421 15966
88 406 16563
89 420 15519
90 407 16347
91 420 15423
92 420 15202
93 407 16903
94 424 15295
95 427 14809
96 419 15564
97 415 15989
98 428 15025
99 418 16099
100 409 16189
101 408 16328
102 415 16152
103 407 16565
104 418 15874
105 411 16492
106 415 15823
107 400 17089
108 413 16245
109 409 16309
110 404 16722
111 410 15948
112 419 15683
113 420 15598
114 402 16793
115 409 16292
116 416 15611
117 414 16129
118 420 15770
119 408 15905
120 408 16463
121 408 16129
122 416 16025
123 408 16557
124 402 16790
125 397 17309
126 424 15547
127 406 16542
128 397 17158
129 425 14971
130 407 16351
131 408 16427
132 417 15555
133 421 15854
134 417 15761
135 423 15713
136 416 15670
137 410 15894
138 415 15978
139 414 16078
140 424 15159
141 422 15416
142 421 16164
143 421 15694
144 422 14905
145 419 15052
146 424 15163
147 401 17075
148 405 16373
149 410 15653
150 418 15676
151 377 18159
152 414 15724
153 398 17150
154 410 16150
155 408 16248
156 415 15938
157 409 15954
158 406 16649
159 415 15588
160 399 17116
161 413 16335
162 413 15595
163 407 16625
164 421 15884
165 419 15298
166 381 17750
167 413 15831
168 399 17176
169 400 16812
170 418 15911
171 420 15466
172 411 15992
173 416 15737
174 411 15868
175 417 15840
176 417 15502
177 416 15854
178 406 16088
179 418 16002
180 422 15284
181 407 16078
182 416 15402
183 407 16534
184 391 17542
185 413 15778
186 405 16690
187 400 17229
188 396 17036
189 399 16496
190 404 16204
191 399 16936
192 415 15343
193 402 17217
194 415 15732
195 405 16068
196 408 16372
197 414 16455
198 407 15989
199 395 17243
200 406 16159
201 413 16011
202 410 16364
203 400 17427
204 407 15989
205 399 16976
206 397 17048
207 396 17069
208 404 16901
209 396 17349
210 409 16093
211 402 16582
212 409 15984
213 414 15556
214 417 15425
215 423 15529
216 402 16045
217 422 15070
218 401 16617
219 416 15652
220 412 15851
221 410 15740
222 405 16545
223 420 15392
224 413 15690
225 401 16558
226 416 15757
227 401 16839
228 410 16022
229 412 15989
230 400 16240
231 397 17149
232 405 16389
233 402 16602
234 401 16597
235 417 17603
236 433 16765
237 425 17197
238 434 16520
239 418 17865
240 426 17029
241 435 16678
242 430 16610
243 429 16730
244 433 16703
245 422 16952
246 437 16421
247 427 17610
248 419 16903
249 425 17200
250 419 17385
251 440 16154
252 429 16708
253 444 16317
254 416 17453
255 438 16366
256 430 16473
257 404 18205
258 438 16464
259 423 17780
260 443 16411
261 431 16553
262 425 17353
263 423 16930
264 427 16921
265 404 18076
266 445 15724
267 415 17646
268 432 16545
269 437 16454
270 442 15996
271 426 17380
272 427 16592
273 423 17005
274 446 16032
275 419 17160
276 432 16341
277 421 17274
278 428 16860
279 429 16797
280 425 17070
281 435 16028
282 424 17337
283 439 16233
284 445 15780
285 426 16612
286 428 16657
287 436 16296
288 421 17197
289 422 16857
290 441 16175
291 422 17395
292 438 16024
293 423 17451
294 425 16847
295 433 16633
296 436 16107
297 418 17500
298 433 16688
299 432 16764
300 447 15675
301 427 16955
302 430 16790
303 415 17543
304 431 16647
305 443 16048
306 426 16483
307 414 17474
308 427 16827
309 426 17173
310 437 16260
311 435 16256
312 445 15747
313 441 16168
314 438 16535
315 438 16244
316 430 16593
317 434 16492
318 422 16727
319 428 17124
320 445 15813
321 441 16089
322 454 15238
323 448 15453
324 422 16902
325 436 16333
326 425 16732
327 436 16455
328 424 17050
329 427 16382
330 445 16004
331 435 16445
332 433 16359
333 440 16192
334 426 16694
335 428 16680
336 438 16207
337 427 17100
338 435 16256
339 428 16666
340 447 15561
341 423 17448
342 435 16026
343 427 17077
344 444 15871
345 433 16408
346 425 16862
347 416 17654
348 431 16932
349 436 16148
350 426 16787
351 421 17255
352 419 17473
353 445 16006
354 418 17081
355 431 16536
356 424 16997
357 429 16597
358 418 17388
359 440 16126
360 437 16193
361 426 16481
362 425 16841
363 432 16381
364 419 17680
365 407 18244
366 439 16028
367 437 15825
368 449 15757
369 433 16185
370 429 16805
371 411 17756
372 421 17188
373 435 16202
374 425 17123
375 443 16239
376 422 17161
377 431 16644
378 427 16974
379 446 15893
380 431 16280
381 433 16776
382 441 16384
383 443 16125
384 433 16544
385 425 17007
386 432 16646
387 428 16795
388 410 17679
389 439 16135
390 424 17190
391 432 16603
392 450 15806
393 445 15715
394 428 16791
395 420 17068
396 428 16754
397 438 16166
398 425 16385
399 434 15886
400 433 17043
401 435 16332
402 435 16557
403 429 16372
404 429 16720
405 413 17715
406 427 16847
407 432 16554
408 425 16941
409 437 16374
410 427 16481
411 414 17637
412 417 16875
413 419 17418
414 440 16199
415 440 16160
416 412 17697
417 451 15722
418 428 17145
419 437 16134
420 437 16663
421 437 16120
422 433 16279
423 425 17185
424 443 15839
425 431 16975
426 436 16309
427 445 15404
428 423 17346
429 428 16870
430 434 16407
431 437 16168
432 426 16573
433 409 18113
434 411 17849
435 432 16370
436 403 18255
437 424 16736
438 417 17573
439 426 17129
440 420 17359
441 437 16381
442 420 17162
443 417 17396
444 423 17248
445 424 17257
446 420 17078
447 433 15901
448 412 17364
449 437 16228
450 430 16855
451 431 16798
452 414 17399
453 445 16056
454 438 15949
455 429 16991
456 433 16231
457 422 17149
458 412 17527
459 423 16909
460 429 16497
461 420 17380
462 428 16979
463 420 17327
464 436 16153
465 430 16266
466 424 17140
467 402 18077
468 429 17078
469 429 16711
470 426 17155
471 415 17569
472 433 16365
473 429 16927
474 431 16656
475 426 16860
476 429 17083
477 433 16422
478 429 16333
479 431 16990
480 432 16400
481 440 15895
482 435 16312
483 437 16242
484 438 15779
485 414 17498
486 438 16156
487 433 16901
488 441 16001
489 449 15584
490 430 16369
491 429 16551
492 429 16520
493 443 16008
494 439 16296
495 428 16534
496 441 16220
497 433 16298
498 445 15831
499 437 16096
500 455 15337
501 433 16664
502 430 16656
503 423 17035
504 445 15388
505 424 17315
506 445 15429
507 423 17206
508 422 16788
509 441 15978
510 432 16420
511 432 16388
512 419 17189
513 441 16042
514 436 16062
515 402 17891
516 429 16618
517 425 17142
518 429 17022
519 411 17409
520 425 16747
521 417 17572
522 446 15860
523 431 16700
524 438 15895
525 444 15730
526 435 16059
527 430 16501
528 433 16572
529 434 16622
530 426 16705
531 436 16247
532 437 16409
533 435 16410
534 440 16142
535 419 17262
536 432 16391
537 421 17330
538 448 15706
539 420 17154
540 421 17000
541 425 16726
542 416 17595
543 423 17238
544 420 17314
545 388 16780
546 403 15514
547 390 16829
548 401 15965
549 404 15523
550 399 16409
551 405 15938
552 399 16202
553 406 15652
554 396 15786
555 401 15943
556 402 15542
557 400 16386
558 403 15975
559 379 17278
560 407 15621
561 382 17027
562 372 17853
563 395 16083
564 386 16504
565 400 15548
566 397 16361
567 385 16597
568 402 15951
569 398 16074
570 402 16058
571 394 16486
572 386 16714
573 398 16109
574 381 17269
575 406 16050
576 398 16053
577 403 15909
578 387 16722
579 401 16173
580 395 16316
581 378 17527
582 400 15970
583 404 15747
584 402 16097
585 401 15989
586 409 15324
587 390 16800
588 381 17138
589 401 16058
590 395 16475
591 391 16773
592 392 16210
593 404 15858
594 391 16273
595 385 16791
596 411 15575
597 384 17187
598 410 15643
599 388 16491
600 404 15729
601 382 17035
602 398 15960
603 400 16083
604 414 14752
605 401 16023
606 398 16337
607 395 16349
608 401 16078
609 402 16361
610 391 16358
611 391 16644
612 402 16193
613 400 16319
614 398 16167
615 379 17124
616 391 16574
617 392 16595
618 396 16443
619 409 15650
620 401 16271
621 401 15724
622 384 16664
623 394 16317
624 390 16756
625 396 16438
626 384 16761
627 397 16376
628 401 16100
629 395 16552
630 392 16436
631 383 17052
632 399 16184
633 394 16400
634 389 16726
635 405 15522
636 386 17093
637 394 16346
638 403 15988
639 402 16010
640 394 16374
641 405 15757
642 386 16652
643 403 15893
644 406 15615
645 394 16362
646 381 16906
647 401 16289
648 397 16117
649 401 16390
650 385 17095
651 404 15598
652 398 16456
653 407 15630
654 400 16165
655 389 16838
656 377 17695
657 397 15794
658 385 16865
659 387 16528
660 383 17284
661 405 15683
662 386 16794
663 398 16200
664 384 16654
665 403 15939
666 396 16398
667 392 16218
668 388 16741
669 385 17284
670 390 16700
671 374 17261
672 402 15923
673 396 16581
674 398 16227
675 391 16532
676 397 16247
677 397 16154
678 380 17519
679 405 15776
680 383 17237
681 401 15731
682 404 15507
683 392 16720
684 387 16523
685 400 15752
686 404 15817
687 379 16967
688 398 16201
689 400 16058
690 415 15068
691 397 15789
692 398 16368
693 397 16042
694 406 15873
695 395 16329
696 398 15759
697 393 16524
698 380 17334
699 402 15796
700 397 16677
701 396 16208
702 400 15531
703 390 16539
704 407 15695
705 388 16536
706 400 16217
707 399 16474
708 378 17268
709 406 15654
710 383 17754
711 394 16308
712 391 16425
713 399 16318
714 398 16070
715 379 17432
716 402 15965
717 401 16343
718 396 16256
719 382 17264
720 404 15871
721 400 16208
722 395 16473
723 392 16575
724 392 16803
725 410 15792
726 397 15839
727 404 15610
728 395 16344
729 388 16520
730 391 16607
731 390 16960
732 398 16283
733 399 16355
734 390 16746
735 400 15775
736 397 16013
737 395 16284
738 391 16415
739 393 16398
740 390 16925
741 401 15677
742 397 16150
743 389 16771
744 391 16534
745 385 17018
746 393 16697
747 395 16503
748 403 16134
749 404 16143
750 388 16336
751 389 16670
752 398 16311
753 401 16319
754 390 16594
755 393 16161
756 395 15989
757 388 16429
758 391 16545
759 382 16946
760 387 16700
761 383 16926
762 405 16222
763 384 16446
764 392 16524
765 415 15232
766 398 16202
767 382 16954
768 395 16336
769 408 15991
770 404 15942
771 391 16371
772 407 15689
773 401 15804
774 383 17272
775 377 17395
776 393 16459
777 401 15808
778 389 16888
779 396 16142
780 399 16394
781 400 16115
782 383 16710
783 394 16655
784 382 17480
785 408 15662
786 407 16415
787 397 16427
788 389 16550
789 405 15892
790 398 15735
791 396 16009
792 379 17607
793 400 15829
794 409 15918
795 396 16323
796 396 16080
797 406 15681
798 385 17073
799 397 16079
800 394 16680
801 388 16455
802 406 15886
803 379 17029
804 402 15776
805 392 16469
806 398 16512
807 385 16800
808 389 16627
809 407 15727
810 392 16511
811 395 16371
812 389 16675
813 405 15753
814 396 16106
815 382 17046
816 417 15068
817 400 15990
818 405 15712
819 400 16273
820 395 16354
821 384 16493
822 406 15704
823 393 16358
824 397 16230
825 393 16407
826 390 16679
827 411 15388
828 405 15701
829 388 16222
830 410 15577
831 393 16561
832 387 16592
833 390 16435
834 395 16300
835 395 15926
836 400 16502
837 385 16855
838 402 16141
839 389 16433
840 413 14973
841 405 16035
842 396 15989
843 406 15291
844 393 16398
845 403 15487
846 410 15541
847 394 16143
848 378 17202
849 390 16256
850 396 15917
851 393 16714
852 396 16359
853 389 16884
854 406 15801
855 399 16753
856 414 15255
857 398 16179
858 407 15669
859 386 16513
860 398 16272
861 380 17229
862 400 15771
863 397 16421
864 396 16233
865 375 17888
866 394 16530
867 400 16000
868 409 15675
869 395 16519
870 391 16428
871 388 16920
872 401 16246
873 391 16883
874 385 16742
875 380 17651
876 400 16146
877 385 17262
878 391 16575
879 383 16677
880 376 17390
881 403 15895
882 400 15966
883 378 17663
884 403 16177
885 404 16637
886 408 15878
887 414 15638
888 406 15612
889 384 17615
890 407 15916
891 401 16908
892 393 16982
893 389 17084
894 408 16002
895 397 16326
896 403 16107
897 408 15848
898 404 15858
899 405 16337
900 395 16591
901 405 15704
902 407 15665
903 397 16691
904 429 14771
905 417 15032
906 411 15443
907 399 16541
908 409 15813
909 402 16665
910 404 16086
911 395 17211
912 406 15787
913 406 15828
914 412 15784
915 406 16271
916 413 15610
917 414 15292
918 392 16999
919 415 15351
920 408 15969
921 413 15751
922 390 17094
923 396 16583
924 422 15032
925 418 15430
926 401 16221
927 393 16695
928 410 15493
929 412 15984
930 412 15776
931 411 15881
932 401 16614
933 405 16249
934 384 17238
935 395 16639
936 402 16230
937 407 16123
938 409 15722
939 411 15892
940 402 16303
941 407 15862
942 408 15810
943 405 16378
944 401 15851
945 410 16046
946 404 16095
947 404 16266
948 389 16953
949 412 15453
950 406 16006
951 405 15892
952 405 15993
953 407 16084
954 402 16481
955 404 16481
956 421 15194
957 423 14916
958 402 16263
959 398 16129
960 406 15928
961 416 15504
962 409 15521
963 390 16745
964 403 16503
965 389 17073
966 396 16732
967 397 16666
968 395 16642
969 397 16749
970 398 16781
971 393 16523
972 406 16391
973 408 15955
974 401 16719
975 416 15627
976 398 16885
977 411 15936
978 414 15595
979 396 16387
980 414 15530
981 385 17651
982 404 16030
983 386 17256
984 402 16283
985 400 16165
986 417 14931
987 386 16775
988 407 15494
989 388 17144
990 397 16572
991 391 16725
992 413 15522
993 390 16921
994 388 16875
995 399 16401
996 389 17073
997 393 16907
998 402 16208
999 420 15014
1000 418 16308
1 367 20243
2 403 16183
3 397 16832
4 400 16591
5 396 16837
6 407 15880
7 391 17132
8 419 15414
9 404 16616
10 412 15599
11 402 16497
12 398 16424
13 414 15879
14 408 16394
15 409 15742
16 408 16613
17 416 15442
18 422 15488
19 408 16109
20 408 15758
21 413 16064
22 402 17034
23 406 16098
24 398 16734
25 423 15360
26 405 16477
27 412 15528
28 397 16810
29 411 15692
30 404 16885
31 421 15136
32 397 17606
33 422 15161
34 399 16908
35 413 15954
36 428 15195
37 408 16124
38 411 16261
39 399 16814
40 401 16785
41 415 16090
42 408 15785
43 403 16242
44 401 16735
45 393 16643
46 417 15360
47 418 15592
48 404 16407
49 398 16641
50 404 16688
51 415 15711
52 399 17121
53 421 15615
54 415 15954
55 407 16315
56 401 17020
57 424 15175
58 407 16832
59 413 15804
60 408 16495
61 410 16069
62 410 16136
63 407 15773
64 409 15852
65 408 16037
66 413 15549
67 406 15390
68 401 16562
69 389 17376
70 416 15714
71 407 16134
72 415 15464
73 424 15306
74 417 15416
75 411 15584
76 381 17867
77 417 15033
78 389 17689
79 400 16573
80 415 15666
81 407 15792
82 399 17135
83 415 15922
84 399 16998
85 406 16380
86 400 16462
87 392 17251
88 407 15861
89 410 16031
90 408 15811
91 422 15488
92 413 15790
93 404 15888
94 419 15252
95 413 15251
96 404 16011
97 416 15550
98 412 15905
99 406 16041
100 414 16045
101 394 17048
102 415 15631
103 409 16373
104 403 16711
105 384 17719
106 403 16352
107 409 16073
108 402 16293
109 399 16825
110 400 16178
111 416 15749
112 416 15363
113 409 16139
114 412 15655
115 402 16104
116 389 17197
117 421 15454
118 407 16602
119 409 15824
120 402 16116
121 406 16483
122 406 16955
123 412 15428
124 422 15126
125 416 15343
126 395 16992
127 416 15451
128 406 16074
129 421 15166
130 411 15245
131 411 15770
132 404 16198
133 410 15720
134 414 15533
135 414 15626
136 415 15695
137 410 15645
138 416 15658
139 409 16105
140 404 16170
141 418 15329
142 410 15943
143 392 16716
144 415 15416
145 403 16527
146 408 15750
147 409 15756
148 407 16363
149 408 15483
150 411 15644
151 408 15655
152 417 15412
153 415 15456
154 400 16370
155 403 16555
156 405 16032
157 403 15822
158 396 16921
159 414 15772
160 397 16585
161 406 16235
162 410 15498
163 410 16215
164 403 16097
165 420 15571
166 387 17670
167 404 16253
168 411 15933
169 405 16410
170 412 15771
171 406 16623
172 400 16836
173 406 16215
174 406 16148
175 403 16354
176 400 17007
177 424 15424
178 388 18097
179 425 15369
180 410 16725
181 412 15563
182 408 16465
183 392 16787
184 402 16791
185 396 17091
186 422 15311
187 407 16650
188 415 15662
189 400 16789
190 419 15419
191 403 16861
192 393 16762
193 408 15900
194 389 17250
195 406 16211
196 409 16050
197 411 15518
198 397 16951
199 406 16401
200 408 16157
201 407 16457
202 387 17366
203 390 17367
204 390 17587
205 403 16723
206 414 15572
207 408 15819
208 403 16338
209 412 15971
210 405 15960
211 403 16474
212 404 16358
213 415 15623
214 392 17424
215 403 16176
216 402 16364
217 403 15728
218 403 16231
219 408 15667
220 390 17092
221 400 16425
222 398 16739
223 403 16328
224 409 15768
225 398 16280
226 411 15658
227 396 16427
228 398 16758
229 401 16448
230 399 16393
231 403 15944
232 395 16729
233 399 16363
234 415 16872
235 429 15875
236 411 16459
237 420 16482
238 419 16309
239 391 17847
240 425 16366
241 410 16746
242 426 16285
243 411 17025
244 408 17158
245 401 17502
246 421 16620
247 430 15547
248 420 16035
249 421 15745
250 421 16262
251 401 17349
252 410 16943
253 415 16423
254 408 17235
255 412 16633
256 404 17534
257 411 17167
258 416 16538
259 402 17385
260 418 16457
261 421 15959
262 415 16798
263 418 16061
264 410 17067
265 415 16485
266 415 16506
267 411 16765
268 411 16672
269 412 16472
270 405 16764
271 401 17703
272 408 16832
273 414 16473
274 413 16379
275 426 15947
276 411 16653
277 403 17228
278 411 16978
279 420 15947
280 407 16721
281 417 16594
282 420 16162
283 414 16771
284 403 17186
285 431 15339
286 415 16661
287 429 15840
288 410 16389
289 403 17659
290 406 17230
291 411 16442
292 410 17214
293 413 16734
294 398 17419
295 416 16701
296 415 16581
297 410 16920
298 426 15412
299 433 15337
300 410 16559
301 412 16604
302 427 15594
303 413 16883
304 414 16437
305 421 16085
306 421 15986
307 401 17164
308 410 16788
309 390 17843
310 417 16710
311 415 16255
312 419 16393
313 417 16353
314 404 17148
315 420 15797
316 421 16486
317 408 16690
318 416 16255
319 410 16821
320 421 15601
321 417 16422
322 416 16637
323 426 15688
324 404 17470
325 418 16156
326 417 16762
327 402 17219
328 421 16322
329 417 16157
330 437 15371
331 420 16113
332 405 16941
333 421 16248
334 399 17953
335 408 17158
336 415 16581
337 405 17400
338 404 16781
339 422 16161
340 423 16175
341 418 16317
342 406 17039
343 434 15542
344 428 15293
345 426 15767
346 405 17075
347 421 15888
348 427 15852
349 420 15989
350 430 15724
351 409 16833
352 420 16013
353 414 16266
354 418 16131
355 413 16331
356 414 16302
357 410 16318
358 418 16049
359 418 16318
360 419 16171
361 420 16320
362 414 16382
363 397 17915
364 410 17061
365 411 16691
366 411 16325
367 420 16125
368 408 16884
369 409 16897
370 406 16945
371 419 16232
372 409 17010
373 418 15887
374 419 15891
375 405 17127
376 422 16062
377 424 16170
378 420 16034
379 407 16956
380 407 16670
381 385 18550
382 406 17090
383 401 17843
384 418 16232
385 413 16867
386 413 16368
387 416 16049
388 428 15985
389 413 16416
390 432 15295
391 426 15910
392 438 14580
393 423 16084
394 390 17763
395 423 15883
396 404 17401
397 420 16341
398 417 15712
399 396 18165
400 416 15966
401 409 16666
402 423 15941
403 389 17632
404 416 16167
405 414 16389
406 412 16583
407 415 16773
408 421 15726
409 421 16078
410 416 16300
411 415 16369
412 422 15919
413 407 16815
414 423 16009
415 420 16231
416 425 15310
417 410 17022
418 417 16260
419 406 17280
420 412 16781
421 416 16813
422 416 16385
423 419 16010
424 414 16753
425 417 16373
426 420 15883
427 406 16917
428 424 15302
429 416 16119
430 425 15720
431 423 15844
432 414 16066
433 411 16506
434 411 16503
435 419 16209
436 411 16589
437 417 16103
438 413 16408
439 408 17083
440 419 16020
441 418 16181
442 409 16479
443 424 16050
444 404 17055
445 410 16955
446 420 16479
447 410 16879
448 429 15182
449 420 16353
450 417 15913
451 411 16511
452 399 17614
453 414 16192
454 426 15616
455 424 16021
456 419 15879
457 410 16617
458 409 16803
459 425 15605
460 414 16802
461 429 15858
462 418 15987
463 411 16737
464 415 16401
465 435 15460
466 426 15548
467 401 17512
468 437 14712
469 409 16785
470 419 15867
471 417 16732
472 431 15301
473 420 16175
474 414 16447
475 414 16712
476 405 16480
477 410 16665
478 409 16926
479 402 17350
480 416 16487
481 405 17262
482 394 17280
483 423 15928
484 424 15773
485 427 16047
486 413 16417
487 416 16361
488 418 15908
489 408 17001
490 407 17115
491 416 16051
492 413 16453
493 415 16248
494 427 15674
495 409 16599
496 407 16984
497 424 16158
498 422 16067
499 413 16120
500 426 15783
501 420 16147
502 424 15953
503 409 16732
504 405 16914
505 418 16912
506 424 15844
507 428 15452
508 417 16438
509 405 16936
510 413 16537
511 413 16835
512 415 16149
513 412 16909
514 404 16937
515 410 16613
516 417 15920
517 404 17018
518 422 15687
519 423 15656
520 410 16606
521 412 16274
522 393 17415
523 418 15977
524 418 15982
525 418 16094
526 412 16709
527 412 16879
528 416 16852
529 400 16980
530 417 15998
531 408 16826
532 421 15828
533 420 16200
534 434 15333
535 424 15789
536 417 15843
537 415 16053
538 421 16138
539 414 16582
540 420 16154
541 415 15816
542 409 16781
543 408 16705
544 421 16295
545 412 16719
546 417 16247
547 413 16334
548 415 16228
549 414 16119
550 408 16845
551 409 16410
552 416 16246
553 402 17678
554 411 16375
555 420 16029
556 421 15625
557 413 16353
558 425 15304
559 417 16005
560 418 15517
561 424 15648
562 402 16832
563 430 15488
564 411 17086
565 410 17055
566 419 15910
567 410 16829
568 427 15754
569 436 14962
570 421 16287
571 417 15923
572 420 15595
573 410 16725
574 410 16853
575 425 15876
576 408 16758
577 422 15608
578 411 16578
579 414 16302
580 418 15957
581 412 16490
582 426 15529
583 418 16084
584 415 15972
585 407 16978
586 403 16849
587 408 16616
588 420 16036
589 428 15147
590 409 17200
591 431 15226
592 417 16310
593 413 16404
594 426 15663
595 409 16394
596 418 15928
597 420 16017
598 405 17131
599 431 15066
600 397 17367
601 429 15534
602 412 16319
603 410 16236
604 389 18258
605 417 15391
606 398 18053
607 411 16320
608 416 16607
609 417 16140
610 395 17460
611 414 16299
612 392 17463
613 429 15826
614 418 16078
615 425 15630
616 417 16247
617 429 15550
618 421 15419
619 420 15944
620 426 15333
621 432 15054
622 417 16217
623 408 16386
624 403 17316
625 416 16106
626 415 17122
627 417 16152
628 421 15981
629 430 15174
630 428 15284
631 422 15705
632 418 16023
633 416 16364
634 414 15985
635 419 16027
636 409 17122
637 414 16156
638 419 16679
639 411 16648
640 429 15276
641 410 16324
642 405 17130
643 414 15855
644 422 15933
645 421 15936
646 413 15937
647 407 16663
648 406 16636
649 409 16363
650 401 17353
651 415 16028
652 407 16379
653 399 17295
654 421 16028
655 413 16631
656 409 16690
657 399 17309
658 431 15045
659 408 16622
660 424 15610
661 424 15606
662 420 15792
663 420 15618
664 400 16829
665 422 15884
666 414 16558
667 420 15936
668 414 16193
669 421 15919
670 401 17341
671 428 15544
672 419 16048
673 414 16105
674 421 15665
675 406 16731
676 412 15885
677 417 15825
678 415 15887
679 421 15620
680 415 16069
681 418 16042
682 429 15553
683 413 15808
684 438 14983
685 413 16147
686 420 15865
687 410 16610
688 409 16948
689 409 16925
690 416 16142
691 409 16925
692 399 17100
693 417 15784
694 407 17394
695 422 15759
696 408 16892
697 418 15892
698 399 17663
699 418 15492
700 410 17022
701 432 15052
702 429 15128
703 425 15079
704 425 15298
705 418 15935
706 399 17652
707 407 16849
708 406 17158
709 404 17122
710 423 15825
711 435 15112
712 410 16536
713 413 16531
714 436 14815
715 426 15445
716 414 16508
717 421 15806
718 418 16463
719 435 14785
720 426 14871
721 420 15848
722 415 16011
723 426 15589
724 425 15727
725 419 15766
726 415 16073
727 418 15990
728 414 16809
729 425 15552
730 415 16544
731 417 15915
732 418 16269
733 417 16077
734 424 15457
735 430 14973
736 425 15482
737 419 16129
738 425 15517
739 419 16506
740 413 16786
741 436 15179
742 407 16508
743 435 15117
744 429 15022
745 419 16024
746 410 16161
747 421 15811
748 418 16105
749 434 15310
750 424 15685
751 422 15725
752 427 15774
753 400 17306
754 427 15413
755 418 15841
756 425 15192
757 428 15430
758 413 16741
759 431 15613
760 404 17043
761 410 16573
762 413 16214
763 417 16054
764 425 15856
765 424 15442
766 411 16370
767 411 16538
768 393 17394
769 417 15877
770 414 16417
771 414 16662
772 415 16033
773 413 16123
774 414 16198
775 407 17004
776 387 18106
777 410 16590
778 412 16161
779 412 16073
780 424 15480
781 418 16479
782 428 15487
783 412 16529
784 419 15758
785 404 16742
786 400 17164
787 415 16051
788 410 16787
789 411 17015
790 414 16186
791 422 15737
792 415 16081
793 422 15655
794 413 16129
795 424 15564
796 414 16189
797 410 16302
798 424 15729
799 414 16178
800 408 16672
801 418 16341
802 422 15986
803 415 16019
804 415 16019
805 410 16720
806 422 15420
807 427 15616
808 417 15590
809 403 17124
810 409 16902
811 414 16785
812 410 16168
813 403 17317
814 420 16248
815 405 16993
816 421 15755
817 404 16663
818 400 17242
819 415 16419
820 404 17004
821 420 16028
822 414 16211
823 424 15475
824 400 16971
825 426 15304
826 419 16281
827 427 15426
828 413 16788
829 412 15971
830 412 17012
831 413 16033
832 427 15833
833 418 15928
834 418 15766
835 407 16868
836 432 15170
837 434 15264
838 423 15389
839 424 15409
840 409 16721
841 408 16597
842 410 16170
843 410 16928
844 407 16659
845 420 15671
846 414 16761
847 398 17368
848 406 16991
849 416 16064
850 410 16152
851 410 16238
852 413 16609
853 412 16397
854 415 15838
855 399 15205
856 395 15871
857 384 16387
858 404 15573
859 398 15575
860 378 16720
861 393 15743
862 406 15164
863 407 15017
864 392 15787
865 393 15549
866 392 16470
867 390 15968
868 380 16801
869 391 16565
870 398 15694
871 397 15571
872 392 15856
873 398 16023
874 374 17215
875 403 15460
876 388 16414
877 406 15039
878 393 15895
879 401 15785
880 394 16069
881 406 15463
882 401 15764
883 399 16046
884 397 16122
885 377 16624
886 395 15865
887 388 16259
888 413 14955
889 407 14896
890 408 15235
891 404 15571
892 392 15768
893 409 14953
894 401 15334
895 412 14572
896 390 16382
897 400 15530
898 393 16352
899 405 15275
900 405 15086
901 413 14867
902 404 15006
903 396 15846
904 418 14478
905 390 15891
906 398 15489
907 394 15688
908 402 15633
909 384 16182
910 408 15126
911 405 14933
912 413 14846
913 392 16149
914 404 15137
915 418 14513
916 399 15815
917 411 14562
918 393 15630
919 386 16364
920 405 15443
921 401 15410
922 404 14872
923 400 15390
924 398 15528
925 392 15955
926 395 15885
927 409 15027
928 409 14919
929 391 16111
930 409 14506
931 404 15351
932 393 15435
933 395 15933
934 405 15437
935 382 16451
936 393 15691
937 393 16281
938 393 15504
939 386 16841
940 392 15862
941 385 16384
942 384 16247
943 405 15450
944 403 15448
945 394 15743
946 392 16074
947 408 14929
948 389 15961
949 400 15446
950 382 16259
951 399 15362
952 405 14995
953 386 16814
954 402 14848
955 417 14400
956 392 15836
957 403 14975
958 405 15064
959 392 15794
960 405 14992
961 394 15626
962 384 16801
963 405 15221
964 410 14554
965 404 15359
966 404 15331
967 406 14916
968 389 16270
969 397 15776
970 396 16006
971 389 16461
972 395 15601
973 404 15128
974 396 15724
975 404 15309
976 407 14915
977 384 15987
978 401 15443
979 403 15672
980 404 15218
981 388 16316
982 399 15345
983 403 15293
984 415 14377
985 410 14723
986 406 14782
987 392 15638
988 397 15644
989 386 16133
990 392 15531
991 390 16231
992 393 16029
993 386 15896
994 385 16733
995 406 15342
996 387 16823
997 376 16959
998 395 15702
999 430 13680
1000 398 16936
