1 382 17602
2 404 15428
3 376 16907
4 385 16469
5 396 15880
6 384 16961
7 390 16153
8 389 15991
9 381 16565
10 395 16059
11 395 15721
12 385 16757
13 400 15667
14 403 15148
15 399 15810
16 400 15566
17 389 16407
18 384 16723
19 394 16197
20 393 16265
21 400 15691
22 374 17302
23 398 15787
24 388 16162
25 398 15883
26 401 15764
27 402 15343
28 396 15913
29 384 16525
30 416 14603
31 404 15211
32 393 15940
33 396 15798
34 397 15545
35 408 14964
36 395 15844
37 385 16398
38 415 14572
39 387 16293
40 397 16207
41 396 15608
42 387 16292
43 404 15300
44 387 16017
45 402 15325
46 397 15909
47 404 15220
48 402 15805
49 399 15794
50 404 15356
51 408 14964
52 408 15057
53 406 15153
54 407 15287
55 399 15978
56 405 15215
57 402 15125
58 385 16851
59 409 15226
60 404 15413
61 403 15409
62 422 14367
63 404 15438
64 391 15525
65 423 14170
66 407 14766
67 406 14985
68 404 15465
69 396 15960
70 399 15888
71 406 14977
72 383 16747
73 411 14989
74 401 15148
75 406 15190
76 395 16312
77 400 15320
78 401 15696
79 401 15376
80 395 15860
81 414 15223
82 398 15642
83 409 14932
84 397 16065
85 395 15641
86 405 15226
87 406 15037
88 400 15306
89 404 15397
90 409 15303
91 402 15527
92 394 16108
93 402 15372
94 397 16177
95 400 15660
96 382 16747
97 398 15660
98 376 17070
99 431 13419
100 394 16974
1 369 18306
2 392 16120
3 386 16312
4 410 14865
5 403 15626
6 391 16086
7 382 16929
8 393 16056
9 379 17031
10 405 15657
11 392 15807
12 382 17045
13 388 16186
14 386 16271
15 395 16004
16 391 16331
17 395 15867
18 400 15344
19 393 16353
20 400 15686
21 391 16135
22 386 16670
23 389 16548
24 395 15884
25 386 16973
26 406 15609
27 402 15313
28 413 14742
29 393 16488
30 393 16154
31 404 15503
32 396 16046
33 403 15251
34 388 16649
35 402 15573
36 399 15812
37 397 15959
38 401 15529
39 393 16132
40 407 15405
41 401 15750
42 404 15115
43 397 15902
44 415 14683
45 401 15968
46 396 16191
47 412 15297
48 408 15133
49 403 15669
50 399 15838
51 397 15612
52 408 15301
53 398 16242
54 414 14812
55 403 15673
56 398 15832
57 396 16032
58 399 15960
59 397 15904
60 395 15981
61 393 16198
62 396 16047
63 383 16791
64 383 16951
65 385 16663
66 395 15732
67 393 16035
68 384 16745
69 386 16781
70 386 16877
71 387 16974
72 397 15691
73 394 16003
74 392 16216
75 407 15618
76 388 15830
77 375 17425
78 406 15341
79 373 17614
80 395 15627
81 392 16458
82 373 16916
83 411 15257
84 406 15254
85 395 16388
86 415 14621
87 389 16464
88 394 16129
89 398 15837
90 394 16266
91 386 16721
92 402 15650
93 384 16471
94 394 16164
95 395 15944
96 394 16644
97 398 16076
98 397 15786
99 426 14159
100 399 16938
1 372 17961
2 385 16572
3 379 17198
4 397 15753
5 388 16242
6 398 15575
7 394 16052
8 397 15701
9 408 14913
10 406 15470
11 398 15582
12 407 15454
13 396 15713
14 405 15187
15 407 15159
16 406 15092
17 397 15943
18 401 15428
19 390 15736
20 409 15061
21 396 15603
22 411 15084
23 392 15617
24 390 16342
25 402 15331
26 404 15444
27 386 15888
28 406 15075
29 398 15949
30 401 15529
31 394 15981
32 399 15350
33 398 14876
34 398 15476
35 408 15120
36 395 15571
37 408 15242
38 391 15960
39 402 14987
40 393 15969
41 418 14504
42 387 15658
43 402 15169
44 402 15440
45 401 15181
46 396 15498
47 413 15107
48 392 15623
49 414 14647
50 401 15168
51 396 15895
52 388 15890
53 412 14535
54 399 15670
55 405 14994
56 402 15435
57 398 15749
58 400 15012
59 394 15697
60 396 15297
61 395 15891
62 384 15797
63 391 16256
64 410 15127
65 399 15577
66 391 15980
67 389 16364
68 400 15347
69 402 15650
70 392 15867
71 410 15057
72 393 15757
73 401 15181
74 391 15648
75 392 15828
76 377 16671
77 388 16022
78 398 15592
79 372 17114
80 412 16439
81 396 16301
82 415 16137
83 415 15816
84 421 15220
85 428 15335
86 419 15613
87 408 16455
88 418 15675
89 413 16238
90 426 15365
91 403 16446
92 404 16556
93 405 16445
94 416 15750
95 409 15701
96 401 16857
97 419 15741
98 426 15519
99 444 14264
100 411 17467
