1 420 9803
2 404 10974
3 405 10806
4 388 12004
5 405 10911
6 410 10830
7 405 10904
8 402 10819
9 404 11121
10 394 11088
11 392 11683
12 399 11282
13 386 11396
14 412 10672
15 401 11920
16 412 10653
17 395 11261
18 408 10979
19 398 10944
20 410 10961
21 391 11107
22 407 11036
23 415 10581
24 375 12271
25 421 10512
26 394 11655
27 415 10132
28 405 11444
29 412 10800
30 401 11069
31 414 10629
32 406 11152
33 389 11149
34 399 11883
35 394 11306
36 389 11645
37 410 10557
38 415 10807
39 401 10808
40 415 11173
41 398 11299
42 405 10987
43 406 10660
44 401 11365
45 415 10356
46 400 11060
47 400 11834
48 419 10990
49 406 10939
50 388 11688
51 409 11238
52 404 10996
53 403 11048
54 398 10494
55 400 10828
56 404 11369
57 394 11856
58 408 10387
59 397 11123
60 404 10971
61 421 10723
62 407 10935
63 418 10481
64 412 10909
65 407 11021
66 407 10881
67 407 11266
68 401 11481
69 408 10575
70 413 10793
71 392 11937
72 422 10302
73 393 11593
74 412 10163
75 400 11221
76 412 10809
77 420 10151
78 416 10466
79 412 10850
80 404 11717
81 396 11378
82 407 11021
83 406 11192
84 419 10536
85 401 11458
86 410 10631
87 397 11781
88 399 11387
89 407 11063
90 403 11142
91 392 11270
92 418 10413
93 397 10908
94 401 11050
95 404 11138
96 416 10288
97 411 10571
98 402 11075
99 416 10569
100 402 11601
101 405 10834
102 423 10214
103 415 10622
104 404 11091
105 401 11086
106 413 10763
107 424 10447
108 405 10952
109 412 10677
110 400 11602
111 405 10517
112 425 10702
113 400 11257
114 418 11136
115 407 10491
116 413 10099
117 424 10965
118 397 11472
119 411 10085
120 429 9989
121 403 10880
122 419 10258
123 401 11241
124 405 11241
125 414 11100
126 407 11393
127 402 11091
128 411 10957
129 415 10765
130 413 10615
131 413 10829
132 410 10549
133 394 11624
134 408 10578
135 394 11035
136 404 10970
137 415 11004
138 401 10496
139 403 11182
140 400 10534
141 420 11248
142 417 11072
143 405 11009
144 411 10644
145 400 10795
146 391 11518
147 406 11052
148 405 11617
149 420 10931
150 410 10732
151 435 9915
152 405 11141
153 400 11193
154 427 10262
155 415 10529
156 410 10768
157 410 10763
158 405 11527
159 405 11255
160 414 11264
161 417 10441
162 406 11175
163 387 11264
164 405 10633
165 412 10982
166 411 10926
167 407 10711
168 404 11128
169 410 10917
170 403 10929
171 414 11212
172 413 10653
173 403 10853
174 411 10626
175 404 10917
176 419 10573
177 403 11524
178 411 10347
179 414 11209
180 411 11112
181 428 10252
182 401 10840
183 408 11033
184 413 11198
185 401 11453
186 437 9647
187 400 11451
188 400 10484
189 410 10866
190 400 11313
191 416 10698
192 405 10603
193 394 11439
194 409 10864
195 409 10978
196 413 10808
197 408 11085
198 412 10578
199 408 11595
200 400 11275
201 405 10987
202 404 10985
203 420 10469
204 402 11303
205 404 11190
206 412 11004
207 405 11024
208 398 11410
209 418 10943
210 394 11777
211 407 10753
212 397 10936
213 399 11493
214 414 11288
215 400 11166
216 423 10020
217 400 11202
218 413 10832
219 415 10502
220 404 10755
221 408 11033
222 422 11064
223 412 11014
224 403 11322
225 400 10535
226 409 10785
227 394 11486
228 423 10512
229 404 10935
230 408 10968
231 401 11441
232 417 10908
233 422 10562
234 413 11149
235 402 10915
236 422 10387
237 398 11661
238 413 11076
239 413 11086
240 416 10825
241 399 11181
242 413 10554
243 396 11579
244 415 10657
245 397 10925
246 413 10544
247 406 11582
248 404 10885
249 415 10667
250 387 11500
251 398 11252
252 399 10537
253 399 10716
254 378 12107
255 404 9757
256 386 11443
257 406 10662
258 391 11095
259 394 10909
260 399 11184
261 401 11729
262 403 10578
263 404 10579
264 391 11911
265 403 11120
266 407 10532
267 380 11641
268 399 10430
269 409 10191
270 400 10784
271 400 10945
272 420 10552
273 403 10734
274 411 10525
275 392 10865
276 407 10329
277 398 11749
278 405 10921
279 399 11080
280 418 10228
281 422 10462
282 399 11421
283 405 10568
284 391 10607
285 411 10708
286 388 11714
287 403 10425
288 397 11975
289 394 11519
290 400 11265
291 416 10499
292 396 10964
293 415 10302
294 406 10405
295 408 11124
296 398 11656
297 414 11025
298 409 11333
299 412 10559
300 402 10945
301 398 11031
302 413 10464
303 400 11174
304 412 10678
305 396 12042
306 404 11053
307 420 10312
308 397 10970
309 415 10976
310 402 11037
311 401 11286
312 395 11165
313 409 11172
314 406 10897
315 406 10442
316 413 10636
317 418 10582
318 405 11421
319 413 10469
320 413 10230
321 410 11640
322 399 11053
323 419 10310
324 418 10363
325 401 11377
326 410 10761
327 409 11243
328 401 10711
329 412 10590
330 403 10600
331 406 11652
332 418 10924
333 399 11284
334 421 10652
335 417 10660
336 410 10847
337 416 10912
338 426 10291
339 404 10912
340 424 10260
341 407 11744
342 427 9830
343 427 10360
344 400 11697
345 422 10334
346 413 10427
347 419 10815
348 417 10812
349 423 10581
350 415 10873
351 409 11231
352 417 11012
353 425 11283
354 413 10821
355 433 10039
356 431 10902
357 406 11227
358 415 11181
359 425 10699
360 413 11099
361 403 11364
362 438 10524
363 421 10526
364 403 11195
365 440 10147
366 418 11164
367 422 10794
368 423 10568
369 415 11424
370 427 10808
371 426 10604
372 419 10628
373 429 10761
374 413 10377
375 428 10815
376 416 11111
377 429 10261
378 424 10473
379 426 10358
380 426 10336
381 415 11091
382 416 10646
383 419 10732
384 418 11180
385 421 10322
386 419 10643
387 432 10416
388 402 11432
389 420 10760
390 423 10562
391 407 10858
392 419 10508
393 423 10931
394 397 11286
395 419 10551
396 401 11278
397 422 10720
398 409 10986
399 416 10987
400 402 11270
401 407 11174
402 419 10588
403 401 11872
404 415 10296
405 395 12051
406 410 10504
407 400 11220
408 419 10298
409 396 11055
410 418 10927
411 407 10690
412 405 10940
413 398 11581
414 405 10654
415 419 10813
416 395 11533
417 417 10863
418 396 10932
419 406 10543
420 407 10484
421 398 11430
422 405 10575
423 425 10665
424 412 10829
425 381 11706
426 423 9956
427 382 11657
428 424 10064
429 384 12160
430 412 9992
431 406 11085
432 408 10758
433 408 10894
434 403 11742
435 407 10842
436 400 10904
437 413 10607
438 413 11016
439 406 11099
440 406 10586
441 391 11589
442 410 10680
443 414 10958
444 409 10906
445 408 10609
446 409 10855
447 407 10950
448 395 11460
449 410 11549
450 413 11037
451 409 10332
452 409 10851
453 412 10893
454 421 10978
455 398 11480
456 431 9936
457 397 11423
458 417 10069
459 418 11148
460 425 10847
461 390 11574
462 419 10602
463 388 12280
464 421 10723
465 406 11371
466 408 10821
467 426 11250
468 410 11114
469 426 10493
470 427 10442
471 418 10547
472 421 11057
473 395 11777
474 427 10341
475 401 11829
476 411 10676
477 408 11396
478 423 10569
479 402 11217
480 418 10671
481 397 12011
482 413 10587
483 393 11536
484 410 10852
485 413 10717
486 386 11584
487 423 10534
488 401 11359
489 390 11547
490 414 10485
491 395 11669
492 413 10467
493 403 11762
494 398 11408
495 420 10363
496 410 11108
497 412 10480
498 398 10530
499 426 10373
500 405 11321
501 422 10443
502 416 10671
503 409 10476
504 402 10751
505 391 10625
506 397 11469
507 390 10761
508 384 11246
509 391 11665
510 399 11144
511 403 10731
512 403 10169
513 410 10866
514 397 10689
515 392 10735
516 398 10888
517 378 11441
518 404 11165
519 406 11001
520 404 10650
521 402 10874
522 400 10817
523 402 10516
524 405 10747
525 398 10977
526 408 10750
527 395 11171
528 400 10861
529 388 11111
530 393 11570
531 403 11148
532 385 10936
533 405 10083
534 395 11230
535 403 11456
536 397 11052
537 398 10513
538 386 11088
539 406 10822
540 383 11599
541 401 10529
542 410 11213
543 406 10242
544 399 10550
545 404 10722
546 402 10742
547 408 10512
548 406 10638
549 408 10643
550 388 11267
551 423 10149
552 395 11920
553 403 10749
554 394 10844
555 413 10359
556 401 10720
557 393 11006
558 397 10923
559 408 10595
560 405 10740
561 397 10864
562 404 10877
563 407 10879
564 394 10907
565 410 10865
566 410 11220
567 413 11486
568 408 10937
569 404 11207
570 389 11757
571 415 10903
572 406 11433
573 410 10485
574 406 10733
575 402 10808
576 407 11006
577 401 11451
578 407 11084
579 410 10666
580 416 9971
581 408 10186
582 389 11194
583 403 10877
584 397 11123
585 401 10417
586 402 11133
587 416 10243
588 395 10396
589 407 10197
590 402 11230
591 396 11165
592 401 11214
593 382 12254
594 381 11601
595 428 10874
596 393 11301
597 402 11160
598 392 10846
599 410 10828
600 406 11493
601 381 11623
602 399 10986
603 401 11503
604 395 11528
605 400 10962
606 379 12088
607 405 10949
608 402 11788
609 385 11117
610 395 11293
611 405 11225
612 392 11358
613 402 10959
614 400 11096
615 408 11383
616 390 11128
617 410 10915
618 390 12160
619 401 11105
620 400 11762
621 402 11446
622 400 11080
623 394 12122
624 389 11769
625 393 12491
626 398 11205
627 381 11614
628 409 11377
629 411 11172
630 411 10682
631 398 11535
632 408 10855
633 418 10834
634 405 11133
635 406 11354
636 405 11892
637 385 12209
638 400 11742
639 399 12214
640 412 10754
641 414 10760
642 396 11661
643 412 11048
644 405 11400
645 409 10861
646 405 11783
647 414 11029
648 391 11549
649 429 10672
650 390 12867
651 411 11091
652 405 11740
653 404 11741
654 416 11350
655 396 11908
656 422 10348
657 413 11710
658 403 11533
659 411 10965
660 414 11890
661 402 11891
662 395 11866
663 414 11789
664 389 12128
665 413 11106
666 410 12323
667 403 11293
668 401 11761
669 416 12127
670 406 11148
671 428 10806
672 403 11080
673 421 11167
674 414 11684
675 402 11701
676 417 11794
677 411 11622
678 415 11200
679 416 11341
680 408 11965
681 402 11580
682 425 10989
683 418 11611
684 410 11890
685 409 11409
686 430 11312
687 407 11541
688 416 11691
689 414 11617
690 415 11134
691 406 11759
692 410 11571
693 410 11363
694 420 11282
695 414 11367
696 415 11318
697 415 11275
698 394 12265
699 421 11152
700 429 11151
701 402 11836
702 431 10270
703 418 11668
704 416 11717
705 402 11458
706 418 11597
707 402 11634
708 409 11067
709 415 12470
710 393 12254
711 417 11187
712 413 11538
713 407 11322
714 413 11401
715 429 10804
716 413 10990
717 414 11947
718 400 12317
719 421 11191
720 409 11192
721 408 11270
722 408 12073
723 421 10757
724 416 11472
725 418 11478
726 414 11313
727 425 10519
728 408 12008
729 415 11574
730 425 11497
731 413 11411
732 421 10938
733 420 11246
734 422 11876
735 423 11109
736 417 11607
737 414 11212
738 422 10981
739 410 11530
740 415 11633
741 424 11277
742 399 12337
743 434 10815
744 410 11687
745 418 11317
746 409 12303
747 427 11161
748 412 11750
749 423 10976
750 411 11345
751 410 11418
752 424 11346
753 414 11079
754 421 10841
755 414 11262
756 403 11796
757 401 11115
758 412 12161
759 405 11875
760 419 11412
761 411 11487
762 426 11248
763 402 11797
764 424 10441
765 433 11857
766 401 11853
767 432 10708
768 423 11579
769 413 10936
770 413 11894
771 425 11361
772 412 11883
773 425 11039
774 425 11019
775 411 11528
776 413 11468
777 404 11594
778 425 10868
779 402 11360
780 416 11941
781 411 11671
782 428 11627
783 405 11594
784 421 11424
785 404 12054
786 414 10813
787 409 11507
788 409 11817
789 408 11631
790 414 11043
791 417 11335
792 402 11175
793 422 10755
794 385 12181
795 407 10934
796 402 12266
797 399 11160
798 406 11439
799 385 11985
800 421 10374
801 391 12212
802 409 10822
803 389 11728
804 396 11551
805 395 11668
806 392 12073
807 400 10791
808 407 11770
809 389 11835
810 392 11358
811 391 11441
812 391 11768
813 405 11007
814 408 11092
815 405 10601
816 416 11276
817 395 10964
818 390 11814
819 397 11240
820 395 11386
821 394 10629
822 385 11667
823 393 11583
824 403 11556
825 377 11822
826 400 10843
827 380 12600
828 405 10802
829 399 11939
830 406 10856
831 401 10946
832 409 11046
833 400 11048
834 399 11041
835 410 11451
836 393 11289
837 408 10954
838 404 11230
839 404 10994
840 404 10996
841 398 11522
842 398 11525
843 405 11084
844 418 11006
845 401 11471
846 404 10859
847 394 10829
848 408 10929
849 371 12797
850 412 10338
851 387 12101
852 394 11856
853 384 12014
854 388 11836
855 421 11304
856 408 11353
857 398 11827
858 400 10854
859 395 12264
860 416 11180
861 396 11735
862 411 11161
863 399 12077
864 405 11082
865 426 10799
866 415 11333
867 422 10542
868 397 11745
869 407 11758
870 409 10963
871 412 11081
872 408 11509
873 411 11386
874 403 11398
875 407 11390
876 409 11500
877 401 11842
878 400 11771
879 405 11764
880 401 11874
881 403 11717
882 396 11677
883 398 10503
884 402 11923
885 398 11762
886 412 11587
887 411 11621
888 409 11266
889 407 11525
890 409 11328
891 417 11324
892 419 11201
893 392 12349
894 421 11080
895 407 12134
896 401 11415
897 404 11512
898 414 11633
899 399 11565
900 414 10738
901 374 12197
902 420 10882
903 409 10968
904 397 11700
905 396 10965
906 398 11387
907 386 11863
908 403 10112
909 407 10974
910 386 11928
911 402 11005
912 403 10914
913 397 11649
914 416 10571
915 387 11798
916 402 10710
917 422 11129
918 406 10568
919 417 10567
920 409 11037
921 409 9936
922 403 10970
923 393 11897
924 403 10881
925 424 10363
926 414 10763
927 404 10888
928 400 11105
929 406 11187
930 402 11393
931 399 11864
932 417 10402
933 416 10878
934 397 11875
935 414 10536
936 415 11131
937 418 10661
938 413 10700
939 400 11058
940 409 11186
941 401 11907
942 409 11292
943 409 10773
944 396 11942
945 407 11008
946 404 11286
947 418 10391
948 401 11463
949 403 10934
950 407 10826
951 408 11440
952 394 11436
953 415 10674
954 403 11306
955 409 11209
956 402 11038
957 411 10935
958 404 11159
959 393 11436
960 416 10813
961 424 10451
962 417 10323
963 418 10737
964 402 11061
965 408 10908
966 405 11100
967 404 11277
968 419 10888
969 395 10999
970 406 10715
971 412 11126
972 400 11233
973 415 10488
974 403 10794
975 412 10724
976 399 11701
977 414 10898
978 412 10989
979 409 11049
980 413 10840
981 412 10907
982 412 11274
983 399 11655
984 401 11177
985 422 10626
986 405 11047
987 411 10834
988 416 10711
989 411 11212
990 411 10713
991 426 10519
992 416 11094
993 396 12054
994 382 10983
995 413 10442
996 398 11377
997 422 10174
998 398 11057
999 394 11663
1000 392 10191
1 404 11276
2 418 11276
3 409 11374
4 400 12216
5 420 11155
6 410 11034
7 422 11273
8 418 10871
9 418 11424
10 411 11213
11 416 10909
12 396 11795
13 413 11360
14 392 12083
15 425 10795
16 398 11473
17 422 10954
18 415 11461
19 407 11613
20 408 11069
21 413 11025
22 405 11848
23 411 11649
24 386 12204
25 421 10441
26 398 12297
27 401 11635
28 392 11758
29 404 11384
30 415 11461
31 403 11788
32 411 11940
33 387 12250
34 420 10703
35 408 11495
36 414 11564
37 408 11544
38 402 11461
39 385 11889
40 408 11647
41 407 11349
42 423 11027
43 400 11901
44 411 10833
45 428 11118
46 422 11288
47 398 11784
48 419 10185
49 408 11802
50 413 11081
51 402 11355
52 397 12126
53 416 11605
54 405 11557
55 419 11194
56 421 10971
57 410 11044
58 419 10977
59 408 11599
60 406 11158
61 433 10455
62 417 10803
63 415 11092
64 386 12749
65 431 10606
66 417 11344
67 425 10788
68 400 12485
69 417 11086
70 414 11543
71 414 11324
72 395 12034
73 417 10856
74 404 11435
75 421 11499
76 412 10935
77 416 11466
78 406 11193
79 425 10650
80 403 11521
81 414 11039
82 440 10902
83 409 10855
84 419 10689
85 418 11301
86 408 11428
87 424 10922
88 395 11785
89 412 11961
90 400 12108
91 416 11233
92 398 11244
93 418 10713
94 407 11165
95 394 11661
96 415 11567
97 408 12026
98 416 10950
99 411 11214
100 416 11378
101 400 11365
102 412 11340
103 395 12082
104 411 11474
105 400 12290
106 403 11894
107 419 10917
108 396 12035
109 414 10899
110 389 12127
111 410 10931
112 389 12100
113 421 11390
114 403 11592
115 408 10725
116 421 10431
117 417 10727
118 421 10862
119 406 11232
120 409 10986
121 413 11416
122 419 11074
123 405 11301
124 422 11442
125 410 11715
126 404 11039
127 429 10308
128 405 11190
129 422 11053
130 419 11116
131 408 11419
132 400 11501
133 413 11544
134 398 11721
135 430 11212
136 405 11587
137 424 10812
138 408 11688
139 417 11149
140 410 11477
141 418 11411
142 409 12106
143 394 11641
144 422 10646
145 391 12527
146 431 10705
147 414 11339
148 421 10615
149 405 11940
150 409 11226
151 406 11950
152 428 11478
153 414 11131
154 415 10964
155 394 12107
156 428 11414
157 405 11413
158 406 11212
159 398 12127
160 404 11567
161 411 11515
162 384 12338
163 418 10527
164 408 11573
165 408 11173
166 417 11258
167 395 11519
168 408 11058
169 412 11533
170 408 11441
171 414 11240
172 409 10889
173 420 11248
174 404 11324
175 416 11010
176 425 11334
177 403 11279
178 412 10784
179 399 11245
180 415 10723
181 399 11966
182 393 11956
183 408 11753
184 399 11680
185 410 11180
186 402 11771
187 402 11519
188 384 12366
189 412 11261
190 404 11602
191 423 11047
192 415 11428
193 414 11207
194 409 11158
195 402 10909
196 395 12466
197 398 11843
198 411 11841
199 402 11008
200 416 10794
201 412 11265
202 401 11878
203 409 10814
204 404 11419
205 417 11220
206 400 11747
207 400 11340
208 420 10975
209 408 11367
210 403 11538
211 386 12262
212 408 11053
213 416 11373
214 388 12092
215 415 11228
216 413 11437
217 393 12147
218 420 10777
219 394 11511
220 424 10429
221 403 11829
222 419 10793
223 412 11554
224 416 11205
225 403 11747
226 428 10490
227 407 11451
228 384 11961
229 404 11257
230 413 11147
231 425 10781
232 412 11022
233 419 10630
234 402 11352
235 405 10954
236 408 10950
237 412 11429
238 400 11346
239 404 10641
240 410 10282
241 412 12175
242 389 11872
243 406 11296
244 404 11102
245 403 11326
246 409 10920
247 415 11095
248 399 11208
249 389 11590
250 405 10641
251 397 11398
252 404 10750
253 403 11214
254 398 10980
255 392 12114
256 388 11947
257 407 11426
258 393 11558
259 399 10662
260 401 11377
261 392 11613
262 398 10912
263 405 10634
264 399 11766
265 418 10442
266 395 11794
267 407 11000
268 408 11615
269 404 11438
270 388 12064
271 395 11339
272 407 11635
273 418 10898
274 405 10947
275 392 11836
276 404 11520
277 406 11031
278 405 11012
279 409 10993
280 411 11465
281 407 11054
282 401 11082
283 426 10985
284 414 11098
285 407 10928
286 407 11327
287 384 12057
288 409 10901
289 386 11777
290 397 11398
291 415 10945
292 388 12576
293 399 11354
294 417 10550
295 383 11726
296 403 11225
297 403 11126
298 406 11142
299 412 10879
300 382 11739
301 413 10800
302 397 12463
303 399 11495
304 404 11921
305 403 11481
306 400 10794
307 395 11353
308 387 12491
309 410 10653
310 405 11594
311 401 10784
312 410 11303
313 417 10716
314 372 12587
315 398 11079
316 394 12110
317 409 10970
318 383 12218
319 413 11423
320 390 12267
321 413 10719
322 389 11912
323 405 10429
324 392 12150
325 402 10754
326 402 11627
327 401 11467
328 403 10922
329 406 10684
330 399 11441
331 404 10971
332 409 10565
333 401 11545
334 399 11268
335 403 11414
336 407 11577
337 390 11379
338 397 10782
339 407 10899
340 402 11272
341 403 11153
342 415 10455
343 403 11851
344 398 10961
345 401 11488
346 409 11698
347 382 11295
348 405 10811
349 390 12251
350 412 10363
351 385 11976
352 403 11191
353 386 11632
354 419 10268
355 387 11960
356 405 10562
357 411 10633
358 400 11466
359 407 11251
360 400 11253
361 394 11617
362 407 11098
363 406 11226
364 394 11455
365 398 11076
366 398 11307
367 404 11051
368 409 10899
369 401 10863
370 397 11167
371 422 10029
372 389 11727
373 409 10570
374 379 12593
375 409 10166
376 401 11585
377 398 10916
378 390 11436
379 412 10052
380 417 10242
381 420 10373
382 397 11695
383 403 10796
384 404 11365
385 386 11363
386 407 11090
387 407 10637
388 389 11383
389 420 9916
390 389 11704
391 393 11338
392 411 10848
393 391 11340
394 406 11420
395 405 11509
396 427 10517
397 401 11040
398 392 11561
399 398 11629
400 406 10731
401 413 10791
402 400 10821
403 404 10879
404 405 11251
405 417 10999
406 393 11853
407 428 10036
408 390 11632
409 393 11103
410 399 11718
411 399 11567
412 401 10950
413 402 11303
414 399 11308
415 387 11315
416 407 10604
417 401 10976
418 404 10667
419 388 11744
420 404 10834
421 391 11135
422 403 10667
423 398 11481
424 417 10346
425 402 10952
426 429 10376
427 395 10962
428 395 10802
429 404 10787
430 405 11210
431 398 11164
432 400 11539
433 404 11749
434 399 11552
435 383 11562
436 396 11110
437 394 11615
438 406 10995
439 386 11115
440 406 10785
441 395 11892
442 388 11093
443 399 11031
444 411 10908
445 383 11504
446 403 10646
447 412 11001
448 373 12453
449 406 10183
450 419 10615
451 387 11827
452 404 10493
453 392 11974
454 375 11743
455 408 10409
456 399 11413
457 413 11007
458 384 11577
459 406 9886
460 403 11273
461 396 11486
462 410 10703
463 405 11358
464 391 10993
465 410 9977
466 399 11373
467 413 10418
468 410 10674
469 411 10757
470 387 11392
471 414 10589
472 400 11061
473 418 10436
474 403 10866
475 389 11561
476 407 11490
477 377 11917
478 416 9982
479 392 11548
480 395 10941
481 393 11263
482 395 11247
483 409 10832
484 391 11592
485 403 10212
486 412 11310
487 410 10929
488 399 10971
489 389 10850
490 394 11353
491 393 10916
492 388 11512
493 411 10361
494 389 11202
495 405 10867
496 382 11553
497 398 10977
498 385 11523
499 413 10638
500 403 10701
501 407 10808
502 393 11278
503 402 11527
504 396 11103
505 399 11107
506 387 11508
507 393 11068
508 382 11799
509 400 10870
510 402 10478
511 399 11128
512 412 10936
513 394 11082
514 388 11327
515 410 10828
516 404 10422
517 411 11014
518 413 10742
519 405 11017
520 395 11146
521 400 11235
522 374 11884
523 412 10487
524 414 10121
525 390 10905
526 396 10752
527 406 11095
528 391 12105
529 405 11069
530 395 10867
531 396 11314
532 371 12728
533 403 10501
534 418 10739
535 378 11687
536 407 10583
537 398 11619
538 412 11447
539 414 9737
540 387 11656
541 389 10869
542 421 11114
543 406 11082
544 394 10446
545 402 11185
546 394 10798
547 406 10800
548 391 11110
549 413 10954
550 377 12215
551 405 10736
552 405 11094
553 402 11053
554 411 10864
555 382 11579
556 395 11724
557 384 12463
558 412 10355
559 403 10944
560 402 11084
561 412 11196
562 398 11107
563 399 10435
564 404 10952
565 418 10743
566 405 10732
567 409 11255
568 405 10415
569 393 11500
570 408 10514
571 391 11752
572 406 10895
573 415 10955
574 383 12294
575 411 10642
576 398 11310
577 402 10805
578 411 10341
579 404 10813
580 399 11484
581 399 11134
582 387 11855
583 399 11959
584 403 10985
585 420 10240
586 406 10063
587 389 11608
588 417 10109
589 419 10699
590 402 10268
591 408 10851
592 404 11478
593 403 11246
594 405 10775
595 407 11040
596 394 11097
597 393 11461
598 386 11841
599 411 11235
600 400 11592
601 408 10631
602 410 11048
603 404 11024
604 397 10875
605 403 11235
606 402 10577
607 413 10720
608 384 12108
609 424 9817
610 383 12069
611 407 9934
612 407 10954
613 387 11604
614 399 10663
615 397 10666
616 408 11276
617 378 11697
618 420 9817
619 393 11315
620 395 11779
621 401 11250
622 395 11751
623 404 10426
624 414 10955
625 388 11328
626 403 10043
627 402 11655
628 400 11465
629 416 10686
630 402 10511
631 414 10801
632 383 11976
633 409 11078
634 404 10794
635 394 10795
636 394 11918
637 396 11200
638 403 10496
639 393 11314
640 416 10635
641 388 11787
642 409 10373
643 391 11351
644 395 11622
645 387 11722
646 387 11473
647 411 10874
648 408 10929
649 422 10421
650 403 10367
651 398 11129
652 407 10913
653 385 11588
654 418 11043
655 390 11690
656 425 9709
657 387 11558
658 404 10610
659 395 11889
660 405 11006
661 397 11002
662 403 11479
663 389 11575
664 401 11010
665 402 10719
666 398 11044
667 402 10999
668 410 11112
669 389 12350
670 407 11127
671 390 12005
672 405 10493
673 409 10862
674 404 11238
675 411 11066
676 393 11298
677 408 10961
678 398 11379
679 402 11259
680 386 11485
681 405 11335
682 404 11422
683 408 11418
684 416 10938
685 401 11104
686 414 10658
687 400 11132
688 387 11639
689 403 10776
690 397 11370
691 405 10882
692 389 11743
693 416 10539
694 397 11428
695 399 11291
696 405 11383
697 385 12025
698 408 10691
699 390 11390
700 403 10826
701 400 12035
702 388 11121
703 381 11611
704 400 11693
705 376 12181
706 416 10212
707 404 11899
708 392 11509
709 409 10524
710 391 11721
711 404 10871
712 396 11908
713 408 11110
714 393 11606
715 405 11427
716 394 11715
717 406 11059
718 401 11362
719 402 10829
720 407 10991
721 384 11653
722 396 11186
723 405 10590
724 398 11390
725 406 11286
726 409 10656
727 389 11340
728 395 11389
729 404 10976
730 386 11580
731 419 11175
732 384 11858
733 411 10455
734 392 11555
735 410 10599
736 394 10594
737 407 10981
738 399 11096
739 393 11420
740 387 11761
741 411 11083
742 396 10931
743 403 10706
744 398 10588
745 397 11142
746 407 10238
747 418 10509
748 396 11481
749 407 11019
750 406 11114
751 397 11121
752 402 10437
753 403 11263
754 407 10735
755 403 10974
756 395 10233
757 409 11057
758 392 11237
759 418 10743
760 389 11527
761 411 9776
762 390 11675
763 421 10666
764 396 10973
765 405 10300
766 407 11189
767 411 10744
768 395 11372
769 396 11249
770 390 12037
771 404 10908
772 420 10987
773 401 10972
774 406 10609
775 395 11160
776 408 10532
777 403 10770
778 411 11152
779 405 11075
780 406 10883
781 407 11049
782 410 10775
783 388 10914
784 396 11505
785 406 10937
786 404 10997
787 410 10474
788 408 10272
789 405 10694
790 405 10716
791 407 10873
792 393 11499
793 409 10553
794 395 11513
795 410 10747
796 408 11180
797 419 10928
798 376 11955
799 410 10468
800 403 11802
801 396 11123
802 407 10724
803 400 12007
804 412 11085
805 410 11042
806 416 11019
807 402 11037
808 419 10243
809 381 12211
810 399 11123
811 399 11205
812 403 10902
813 415 10533
814 397 11053
815 409 10529
816 379 11622
817 422 10334
818 397 11363
819 405 10689
820 391 11224
821 419 10236
822 394 11238
823 402 10300
824 393 11741
825 419 10600
826 399 10697
827 396 11322
828 400 10873
829 396 11340
830 398 11194
831 388 11077
832 400 10926
833 397 11693
834 407 11150
835 413 10408
836 403 10570
837 405 10420
838 410 10379
839 406 11067
840 402 10441
841 410 11165
842 409 10541
843 407 11020
844 408 11001
845 388 12119
846 413 10790
847 380 11574
848 410 11002
849 384 11462
850 395 10979
851 401 11560
852 394 11241
853 419 10118
854 405 10832
855 410 9737
856 399 11405
857 392 10957
858 392 11028
859 399 11226
860 405 11503
861 399 11086
862 406 10454
863 390 11537
864 392 11678
865 409 10553
866 397 11437
867 392 11576
868 397 10740
869 406 11569
870 406 11420
871 409 10530
872 406 10794
873 423 11284
874 397 11902
875 422 10440
876 410 10462
877 403 10964
878 417 10830
879 405 11353
880 404 10787
881 420 10720
882 398 11842
883 417 10961
884 399 11731
885 403 11712
886 411 10844
887 419 11117
888 402 11742
889 411 10872
890 408 11242
891 413 11397
892 430 10417
893 421 10335
894 405 11824
895 413 11074
896 407 11456
897 405 11230
898 411 10867
899 415 11529
900 411 11242
901 412 10479
902 414 10994
903 423 11127
904 414 11080
905 426 10319
906 413 11575
907 406 11315
908 420 10775
909 429 10492
910 407 11708
911 424 10699
912 413 11331
913 415 11336
914 404 11790
915 418 10853
916 407 11539
917 395 11089
918 416 11233
919 391 11654
920 414 11112
921 419 11283
922 416 10999
923 415 11370
924 400 11376
925 401 11589
926 405 11525
927 418 10581
928 415 10532
929 404 11531
930 419 11141
931 406 11044
932 389 11182
933 388 10712
934 395 10629
935 399 10758
936 408 10453
937 376 11852
938 389 11256
939 376 12298
940 385 11223
941 380 11940
942 391 11364
943 392 11298
944 385 11161
945 388 11802
946 369 12270
947 405 10921
948 372 11995
949 413 10513
950 407 10435
951 387 11784
952 391 11154
953 403 10946
954 375 11921
955 399 10183
956 397 10968
957 382 11222
958 408 10162
959 393 11478
960 410 10779
961 378 11763
962 386 10821
963 389 11292
964 399 11536
965 395 10889
966 383 11304
967 391 11301
968 380 11828
969 386 11595
970 393 11007
971 402 11132
972 394 11067
973 384 10717
974 384 11463
975 392 11163
976 384 11386
977 401 10558
978 395 11206
979 376 11784
980 397 10544
981 396 11375
982 395 11846
983 387 11220
984 394 11281
985 391 11666
986 394 11054
987 386 11134
988 386 11633
989 392 11190
990 392 11679
991 394 11238
992 395 11046
993 400 10173
994 394 10925
995 393 11047
996 384 10945
997 400 10603
998 380 11996
999 394 10221
1000 375 11004
1 381 11119
2 384 11360
3 385 11313
4 395 11190
5 391 11732
6 403 11082
7 382 11495
8 405 10661
9 396 11608
10 401 10832
11 392 10856
12 411 10581
13 382 10971
14 381 11920
15 386 11599
16 388 11067
17 398 11682
18 394 11106
19 403 10445
20 383 11369
21 419 10732
22 392 11231
23 391 11022
24 378 11767
25 398 11134
26 387 11581
27 398 11217
28 395 11500
29 388 11647
30 399 10900
31 398 10812
32 391 11062
33 396 11278
34 384 11190
35 400 10597
36 393 11320
37 392 10910
38 412 10470
39 403 10257
40 370 12377
41 400 10958
42 396 11200
43 410 10285
44 381 11303
45 400 11108
46 399 11552
47 403 10667
48 384 11927
49 413 10503
50 378 12120
51 402 10855
52 396 10998
53 394 10889
54 410 10673
55 389 10996
56 384 11110
57 389 11648
58 369 11954
59 406 11039
60 395 11033
61 371 11985
62 404 10919
63 374 11812
64 398 11009
65 391 11097
66 389 11222
67 386 11501
68 402 11220
69 374 11651
70 410 10923
71 382 11427
72 413 10359
73 397 11544
74 400 10887
75 389 10841
76 393 11350
77 393 10778
78 401 11125
79 393 10856
80 396 11191
81 388 11888
82 391 11338
83 387 11103
84 383 11955
85 380 12021
86 400 10654
87 390 11002
88 395 11674
89 388 11427
90 408 10907
91 392 11192
92 394 11334
93 402 10494
94 401 10763
95 411 10720
96 395 11483
97 382 11961
98 399 10583
99 392 11169
100 390 11708
101 403 10840
102 389 10934
103 393 10748
104 386 10914
105 405 10761
106 395 10878
107 401 11152
108 399 11290
109 374 12056
110 398 10777
111 379 11652
112 415 10679
113 379 12721
114 399 11168
115 386 11285
116 399 10420
117 393 11892
118 378 11970
119 399 10767
120 395 11282
121 383 11359
122 390 11420
123 395 10659
124 410 10174
125 391 11457
126 419 10238
127 383 11144
128 395 10996
129 406 11108
130 391 11033
131 391 10816
132 387 11655
133 408 10867
134 399 11423
135 395 11332
136 390 11548
137 399 10757
138 397 11101
139 394 11145
140 383 11373
141 406 10710
142 404 11318
143 387 11425
144 405 10751
145 390 11552
146 411 10732
147 408 11333
148 382 11403
149 408 10308
150 404 11307
151 405 10644
152 405 10460
153 395 11123
154 390 11427
155 410 10487
156 402 10831
157 394 11311
158 404 11396
159 408 10612
160 405 10871
161 399 11426
162 402 11144
163 407 10831
164 402 11053
165 387 11712
166 404 10255
167 387 11673
168 402 11036
169 401 10806
170 397 11240
171 390 10980
172 414 10650
173 400 11068
174 401 10547
175 406 10825
176 399 10936
177 389 11339
178 405 10954
179 394 10827
180 387 11697
181 401 11220
182 400 10909
183 390 11405
184 396 11181
185 409 10724
186 415 11001
187 390 11098
188 402 10910
189 395 11190
190 398 11189
191 380 11807
192 400 10841
193 391 11717
194 393 10892
195 392 11259
196 387 11958
197 404 10773
198 385 11429
199 387 11592
200 401 11083
201 398 11330
202 402 11263
203 393 11314
204 405 10581
205 387 11496
206 403 11335
207 366 12343
208 401 10913
209 403 11572
210 389 11242
211 404 10808
212 401 10646
213 391 11444
214 398 11192
215 395 10409
216 404 10563
217 382 11436
218 404 11341
219 383 11889
220 409 10579
221 405 10573
222 391 11339
223 409 10726
224 398 10761
225 382 11274
226 402 11226
227 375 11920
228 430 11247
229 412 12003
230 424 10523
231 398 12042
232 421 10480
233 410 11799
234 423 11225
235 419 11054
236 432 10738
237 418 11048
238 416 11200
239 417 11228
240 413 12227
241 417 11812
242 434 10835
243 412 11460
244 427 11041
245 422 11061
246 423 10936
247 427 11266
248 423 10851
249 402 11372
250 417 11172
251 425 11633
252 411 11452
253 434 10448
254 421 11056
255 411 11810
256 423 11100
257 421 11265
258 422 11013
259 429 10956
260 412 11013
261 395 11857
262 426 10975
263 412 11460
264 419 11049
265 425 11057
266 408 11563
267 399 12014
268 412 11806
269 426 10925
270 416 11219
271 416 10994
272 413 10525
273 420 11481
274 420 11720
275 424 11164
276 420 11325
277 410 11695
278 418 11554
279 414 11785
280 418 10970
281 410 11875
282 428 10637
283 410 11873
284 413 11877
285 424 11344
286 413 11390
287 428 11049
288 408 11558
289 424 10464
290 401 12279
291 429 10792
292 419 11098
293 406 11353
294 425 11095
295 409 11859
296 421 11152
297 387 12957
298 422 10449
299 411 11561
300 424 10764
301 410 11839
302 411 11927
303 433 10985
304 420 10712
305 418 11582
306 408 12091
307 428 10600
308 406 11433
309 430 11208
310 413 11506
311 430 10899
312 407 11313
313 430 11029
314 405 11359
315 432 11426
316 406 11630
317 428 10882
318 413 11909
319 411 11499
320 422 11198
321 403 12423
322 417 10647
323 429 11210
324 426 11430
325 393 12551
326 421 10933
327 427 11210
328 410 10848
329 411 11337
330 411 11256
331 421 11473
332 399 12122
333 396 11827
334 420 11124
335 414 11264
336 398 11995
337 437 11143
338 418 11802
339 411 10865
340 420 11366
341 425 10858
342 410 11319
343 417 11562
344 408 11368
345 433 10396
346 422 11332
347 415 10842
348 423 10594
349 419 11795
350 418 11157
351 409 11656
352 429 10870
353 401 12298
354 431 10528
355 420 11378
356 426 10657
357 422 11545
358 425 10839
359 433 10808
360 417 11542
361 421 10841
362 425 11523
363 410 11854
364 427 10438
365 392 13034
366 429 11155
367 420 11686
368 425 10479
369 409 12106
370 432 10504
371 415 11635
372 417 11061
373 411 11929
374 419 11397
375 431 11028
376 410 11626
377 432 10733
378 421 11332
379 419 10654
380 427 10783
381 422 10933
382 422 11015
383 423 10927
384 414 11164
385 427 11198
386 417 11503
387 426 10509
388 422 11422
389 423 11481
390 407 11586
391 433 10822
392 418 11045
393 412 11627
394 435 11323
395 419 11041
396 416 11446
397 394 11831
398 424 11156
399 410 12136
400 419 10897
401 406 12071
402 423 11394
403 409 11406
404 424 10744
405 412 11568
406 419 10772
407 409 11582
408 417 10996
409 415 11419
410 413 11163
411 393 12455
412 431 10961
413 400 12010
414 420 10511
415 408 11487
416 411 10929
417 429 10459
418 394 13013
419 423 11190
420 421 11045
421 427 11162
422 439 10738
423 425 11301
424 427 11139
425 421 11117
426 426 11173
427 404 11828
428 399 11700
429 411 11414
430 402 11492
431 424 11364
432 412 11503
433 428 10670
434 394 11901
435 437 10729
436 426 10482
437 422 10949
438 415 11358
439 421 10605
440 417 12034
441 418 11193
442 410 11198
443 420 11032
444 429 10554
445 418 11473
446 420 10795
447 410 11104
448 413 11896
449 419 11756
450 418 11849
451 402 11419
452 414 10674
453 424 10841
454 425 11095
455 402 11874
456 433 10951
457 389 12358
458 424 10700
459 395 12800
460 416 10885
461 427 11028
462 414 10642
463 411 11143
464 411 11655
465 422 10550
466 405 11746
467 411 11586
468 429 10853
469 422 11108
470 420 11397
471 417 11403
472 438 10902
473 413 10974
474 435 10580
475 424 11090
476 423 11532
477 406 11704
478 424 11471
479 410 11977
480 412 11251
481 416 11298
482 412 11709
483 433 10845
484 392 12380
485 428 10611
486 410 12884
487 413 10771
488 414 11508
489 409 11424
490 426 10732
491 413 12005
492 415 10857
493 427 10938
494 410 11308
495 423 11705
496 398 11833
497 422 10832
498 407 11606
499 424 10948
500 406 12313
501 429 11311
502 419 11416
503 423 11661
504 396 11898
505 437 10167
506 401 12384
507 416 11053
508 417 11366
509 418 11525
510 418 11392
511 411 11493
512 406 11638
513 429 10944
514 408 11399
515 416 11558
516 393 12736
517 419 10853
518 413 11451
519 415 10993
520 413 11939
521 414 11211
522 427 11107
523 398 11028
524 397 11538
525 430 11288
526 424 10691
527 413 10896
528 427 10673
529 412 11564
530 415 11248
531 406 11236
532 420 10925
533 412 12186
534 411 11083
535 379 11736
536 399 11262
537 367 11599
538 406 10058
539 376 10763
540 397 11237
541 377 11768
542 380 11650
543 398 11245
544 391 11324
545 388 10671
546 395 11440
547 385 11608
548 386 11602
549 382 11686
550 382 11966
551 381 11740
552 398 11132
553 388 11878
554 399 10890
555 397 10698
556 382 11299
557 385 11416
558 389 11363
559 388 11850
560 390 11226
561 386 11226
562 379 11567
563 397 11017
564 389 11156
565 374 11814
566 411 11012
567 385 11302
568 399 10598
569 368 12360
570 396 10831
571 387 11499
572 396 10933
573 376 12066
574 391 11032
575 390 11257
576 398 11093
577 389 10661
578 391 11083
579 373 11814
580 390 11043
581 397 10750
582 386 10945
583 393 10679
584 386 11458
585 398 10775
586 383 11551
587 393 11205
588 374 12301
589 406 11074
590 387 11301
591 379 11134
592 392 11540
593 386 11248
594 419 10133
595 395 10691
596 386 11689
597 396 10778
598 391 10965
599 392 11058
600 389 11375
601 399 11495
602 391 10805
603 386 12307
604 391 11171
605 382 11163
606 403 10670
607 381 12179
608 396 10735
609 392 11269
610 389 11529
611 396 11116
612 382 11323
613 410 10714
614 378 11640
615 392 10729
616 379 12229
617 392 11049
618 394 10804
619 362 12610
620 399 10156
621 394 11067
622 387 10915
623 401 10380
624 382 11413
625 400 10906
626 393 10635
627 390 10965
628 386 11282
629 376 11802
630 404 10746
631 377 11867
632 391 11445
633 403 11149
634 399 10982
635 382 11259
636 387 11729
637 386 11144
638 403 10853
639 389 11012
640 397 10568
641 390 11362
642 380 11537
643 381 11809
644 381 12198
645 377 11662
646 381 10819
647 395 11234
648 397 11082
649 386 11067
650 394 10870
651 395 11091
652 373 12069
653 398 11019
654 395 11569
655 392 11071
656 389 11435
657 380 11555
658 381 11759
659 384 12219
660 385 11127
661 394 11102
662 398 10867
663 400 11128
664 400 10813
665 380 11092
666 390 10839
667 378 11768
668 400 10761
669 385 11538
670 403 10507
671 377 11955
672 389 11122
673 387 10759
674 392 11188
675 380 11264
676 388 11573
677 390 11534
678 379 11776
679 394 11155
680 393 10764
681 398 11569
682 388 11493
683 403 10443
684 390 11094
685 368 11931
686 402 10592
687 389 10912
688 407 10828
689 377 11695
690 407 10886
691 400 11052
692 396 11033
693 380 11144
694 394 10845
695 381 11460
696 391 11515
697 390 11436
698 394 10938
699 395 11156
700 375 11119
701 393 10908
702 393 11461
703 383 11708
704 382 11287
705 400 11340
706 381 11972
707 387 10790
708 396 11170
709 379 11551
710 399 10036
711 385 11581
712 396 10708
713 396 10466
714 395 11270
715 365 11942
716 412 9969
717 383 11995
718 394 10942
719 387 11713
720 388 11111
721 398 11197
722 396 10888
723 392 11362
724 390 11534
725 386 11325
726 377 11772
727 378 11773
728 399 10315
729 399 11269
730 401 11215
731 376 11511
732 388 10793
733 388 11516
734 391 11193
735 394 11251
736 394 11052
737 399 10888
738 374 11739
739 391 11194
740 378 12221
741 387 10939
742 388 11284
743 393 10604
744 388 10982
745 379 12212
746 405 10460
747 369 12494
748 398 10592
749 390 10621
750 388 11294
751 391 10729
752 378 11286
753 379 11115
754 388 11781
755 389 11566
756 385 11343
757 382 11643
758 398 10872
759 384 11125
760 400 10863
761 381 11287
762 395 10564
763 397 10642
764 380 11784
765 402 10838
766 388 10778
767 398 10732
768 387 11398
769 391 11061
770 383 11184
771 388 11582
772 387 11373
773 384 11467
774 390 10954
775 385 11813
776 386 10984
777 392 11809
778 399 10622
779 372 11882
780 405 10773
781 366 12467
782 402 9945
783 392 10468
784 386 11503
785 381 11263
786 396 10814
787 376 12108
788 393 10988
789 398 10321
790 403 11654
791 381 11439
792 382 11172
793 378 12282
794 398 10265
795 400 10358
796 381 11523
797 386 10818
798 387 10949
799 374 11957
800 395 11134
801 375 12017
802 394 10975
803 401 11283
804 391 11022
805 387 11160
806 394 11589
807 390 10681
808 395 10945
809 383 10557
810 404 11305
811 373 11279
812 378 10883
813 395 11019
814 403 10978
815 395 10754
816 399 10933
817 391 11016
818 384 10899
819 381 11074
820 380 11331
821 396 11017
822 383 11044
823 390 11807
824 392 11401
825 365 12150
826 394 11180
827 385 11333
828 391 10585
829 378 11506
830 391 11406
831 406 11619
832 390 11153
833 386 10897
834 395 11387
835 381 11483
836 387 10652
837 395 11035
838 381 11152
839 397 10955
840 375 12413
841 393 10886
842 375 11743
843 401 10639
844 377 11967
845 394 10857
846 365 11899
847 400 10770
848 382 11951
849 381 11031
850 396 11007
851 389 10866
852 386 11259
853 396 11292
854 381 11261
855 405 10711
856 382 11946
857 397 11016
858 389 11431
859 387 11035
860 382 12089
861 391 10333
862 386 11712
863 379 11229
864 391 10527
865 392 10967
866 382 10820
867 380 11582
868 390 11049
869 386 10952
870 400 11298
871 398 11047
872 394 10516
873 394 11635
874 379 11424
875 391 11430
876 399 11318
877 390 11104
878 385 11388
879 394 11325
880 395 11110
881 398 11325
882 400 11049
883 393 11010
884 405 10371
885 378 11710
886 408 10592
887 396 11565
888 388 10451
889 399 11003
890 374 12485
891 387 10898
892 393 11440
893 388 11534
894 389 11411
895 401 11153
896 394 11083
897 379 11339
898 400 10287
899 392 10843
900 383 11570
901 392 10732
902 394 10726
903 389 11174
904 380 11392
905 395 10822
906 382 11014
907 403 11639
908 387 11612
909 387 11101
910 385 11094
911 402 11097
912 385 11842
913 395 11014
914 392 11240
915 379 11236
916 393 10403
917 380 11858
918 393 10710
919 407 11053
920 392 11202
921 384 11068
922 391 11548
923 382 11559
924 399 10665
925 396 11152
926 395 10870
927 390 10491
928 400 10467
929 392 10989
930 404 10944
931 381 11383
932 405 10326
933 388 10803
934 397 10903
935 388 10973
936 395 11029
937 388 10644
938 390 11481
939 388 11363
940 382 11380
941 393 10734
942 389 11465
943 388 10500
944 396 10853
945 386 11205
946 398 10869
947 380 11738
948 389 11101
949 380 11337
950 397 10563
951 375 11860
952 395 11214
953 382 11689
954 398 10477
955 414 9897
956 378 11537
957 398 10720
958 381 11551
959 395 10971
960 391 11123
961 395 11021
962 385 11159
963 368 11505
964 403 10412
965 398 11631
966 401 10521
967 374 11344
968 395 10423
969 380 11318
970 392 10729
971 378 11485
972 392 11213
973 387 11305
974 391 10247
975 398 11301
976 388 10948
977 383 11484
978 385 11657
979 382 11891
980 401 11335
981 374 11923
982 409 10221
983 390 11110
984 395 10070
985 381 11373
986 405 10898
987 387 11196
988 399 10067
989 373 12178
990 403 9986
991 400 10765
992 400 10572
993 384 11328
994 387 11009
995 384 12135
996 401 10695
997 378 11657
998 388 11346
999 369 11174
1000 376 11102
