1 404 10372
2 405 11712
3 378 11387
4 399 10786
5 401 10902
6 407 10663
7 379 11653
8 396 10815
9 396 11305
10 391 10377
11 402 10170
12 396 11369
13 394 11112
14 399 11473
15 376 11964
16 389 10264
17 394 10930
18 383 11447
19 396 10746
20 388 10321
21 399 11165
22 404 10364
23 390 10708
24 384 11455
25 392 10938
26 394 10734
27 387 10869
28 391 10809
29 379 11862
30 382 11410
31 386 11654
32 379 11715
33 380 11266
34 385 11591
35 393 11343
36 397 10876
37 408 10787
38 399 10989
39 376 11341
40 407 10865
41 399 11431
42 384 11401
43 395 11524
44 396 10993
45 391 11022
46 397 10654
47 384 11813
48 403 10982
49 391 11118
50 397 10947
51 393 11231
52 391 11331
53 390 11633
54 389 11338
55 400 11335
56 381 11824
57 401 10936
58 390 11263
59 396 10770
60 394 11460
61 399 11196
62 395 11253
63 396 10885
64 399 10887
65 371 12017
66 410 10997
67 398 11384
68 389 11202
69 391 11479
70 390 10927
71 390 10636
72 404 11276
73 391 11479
74 395 11224
75 401 11258
76 381 12077
77 393 11031
78 407 10242
79 407 10009
80 388 11716
81 388 11681
82 379 11540
83 405 10499
84 402 10703
85 397 10609
86 401 11503
87 384 12205
88 401 10936
89 399 10903
90 401 11220
91 401 11457
92 396 11079
93 400 10786
94 386 11515
95 410 10384
96 382 10879
97 394 11583
98 391 11336
99 384 10617
100 383 10770
1 409 9898
2 404 11339
3 410 11142
4 387 11747
5 394 10979
6 411 10709
7 396 11041
8 404 11353
9 382 12114
10 399 10842
11 394 11531
12 402 11171
13 394 11506
14 403 10761
15 416 10855
16 409 11051
17 395 11438
18 397 11224
19 406 10284
20 398 11306
21 403 10604
22 406 11008
23 410 11147
24 396 11248
25 418 10123
26 393 11925
27 420 10104
28 384 11348
29 391 11348
30 405 10712
31 405 11409
32 389 11311
33 400 10659
34 409 10792
35 406 11575
36 408 10288
37 389 11051
38 408 9907
39 408 10940
40 388 11360
41 393 11013
42 414 10462
43 412 11069
44 394 10978
45 397 10995
46 407 11198
47 383 11705
48 418 10063
49 412 11328
50 392 11403
51 407 10743
52 390 11893
53 410 10310
54 406 11242
55 390 11465
56 406 10536
57 410 10316
58 405 11408
59 401 11283
60 393 11197
61 419 10452
62 393 11095
63 423 10173
64 411 10640
65 394 11022
66 410 9953
67 402 11390
68 395 10428
69 395 11616
70 391 11473
71 407 10516
72 412 11017
73 389 11638
74 402 10913
75 415 10979
76 388 11812
77 397 10404
78 398 11504
79 386 11150
80 393 11440
81 393 11519
82 393 11874
83 410 10906
84 400 11003
85 421 10416
86 388 11458
87 416 10035
88 397 11663
89 418 10383
90 409 10903
91 408 10282
92 395 11214
93 416 10472
94 409 10921
95 410 10635
96 406 10579
97 396 12030
98 403 11634
99 396 11234
100 396 10402
1 391 11288
2 392 10494
3 400 10315
4 386 11453
5 400 10753
6 387 10934
7 389 11293
8 396 11174
9 402 10648
10 403 10479
11 385 11395
12 396 10858
13 385 11545
14 397 11063
15 389 11238
16 395 11049
17 383 11591
18 384 11403
19 386 10978
20 399 10652
21 394 10747
22 404 10361
23 398 11163
24 396 11470
25 390 11471
26 384 11003
27 400 11387
28 387 11702
29 396 10760
30 386 10826
31 388 11217
32 389 11148
33 395 11039
34 383 10903
35 397 11412
36 390 11236
37 409 10599
38 399 10485
39 382 11648
40 389 11080
41 389 11137
42 382 11063
43 389 11340
44 398 10362
45 384 10539
46 383 11655
47 375 11774
48 415 10993
49 382 11213
50 393 10211
51 389 11110
52 399 10868
53 397 10922
54 403 10072
55 395 11492
56 404 10667
57 392 11040
58 386 11232
59 400 10925
60 405 10592
61 388 10840
62 401 10965
63 389 11277
64 405 10803
65 398 10657
66 414 10482
67 395 10795
68 388 10956
69 415 10487
70 391 10906
71 391 11056
72 383 11290
73 394 11557
74 374 12099
75 402 10060
76 405 10678
77 404 10680
78 389 11313
79 405 10955
80 375 11940
81 407 10672
82 399 10491
83 416 10687
84 393 10835
85 389 10876
86 391 11183
87 404 10765
88 390 11422
89 415 10808
90 374 12502
91 399 10367
92 386 11763
93 406 10295
94 392 10971
95 403 10423
96 388 11127
97 399 10514
98 407 10508
99 373 11141
100 397 10124
