1 388 7630
2 373 9558
3 379 8763
4 379 8881
5 385 8990
6 377 9104
7 378 8915
8 372 9355
9 380 9436
10 369 8922
11 381 9123
12 363 10336
13 380 8823
14 367 9253
15 380 8324
16 374 9710
17 389 8819
18 385 9237
19 367 8972
20 382 8449
21 383 8973
22 377 9422
23 393 9144
24 378 9130
25 379 8443
26 391 9188
27 378 9705
28 386 9194
29 369 9735
30 377 8720
31 369 9236
32 361 8975
33 376 8491
34 384 9877
35 360 9624
36 384 8922
37 382 8573
38 387 9180
39 367 9838
40 382 8766
41 372 9772
42 358 9203
43 378 8839
44 356 9979
45 373 9058
46 388 8655
47 375 9024
48 365 8826
49 373 9514
50 375 8939
51 377 9192
52 368 9927
53 369 8502
54 382 9114
55 366 9934
56 374 9533
57 373 9165
58 370 8733
59 381 9190
60 369 9970
61 383 8936
62 379 9002
63 376 9470
64 380 9166
65 376 9187
66 387 9137
67 385 9003
68 375 9449
69 369 8740
70 384 8731
71 371 8978
72 394 8804
73 364 9830
74 374 9488
75 368 9401
76 373 9520
77 372 8857
78 389 8844
79 362 9233
80 382 9465
81 369 9732
82 380 9131
83 379 8983
84 388 8872
85 383 9558
86 373 8977
87 371 9804
88 378 9923
89 379 8797
90 392 8412
91 370 9054
92 386 9315
93 359 9592
94 388 8680
95 378 9298
96 377 9398
97 371 9654
98 383 9179
99 348 9244
100 367 8430
1 389 8846
2 400 9056
3 393 9151
4 399 9679
5 385 8571
6 400 9182
7 393 9274
8 399 9075
9 381 9778
10 376 9120
11 398 9850
12 384 9552
13 400 8785
14 391 9210
15 395 9233
16 375 8872
17 411 7969
18 367 9829
19 404 8411
20 383 9215
21 397 8561
22 398 9169
23 393 9224
24 392 8101
25 411 8719
26 388 10012
27 384 9153
28 401 9275
29 388 9498
30 398 8807
31 403 8915
32 383 9998
33 380 8868
34 406 8754
35 376 9486
36 384 8455
37 390 9431
38 400 9508
39 387 9517
40 396 8232
41 389 10307
42 401 8443
43 393 9445
44 388 8983
45 400 8830
46 392 8862
47 398 9301
48 402 9479
49 375 9398
50 388 9199
51 405 9521
52 373 9975
53 394 9140
54 398 9054
55 388 9407
56 407 9212
57 379 9749
58 385 8848
59 389 9100
60 386 9407
61 379 9486
62 382 9491
63 397 8658
64 396 9421
65 378 9697
66 391 8438
67 389 8778
68 394 8852
69 393 8775
70 404 9043
71 384 9416
72 408 8129
73 408 9287
74 382 9458
75 406 8684
76 382 9721
77 378 9412
78 399 8763
79 398 8911
80 410 9055
81 397 9214
82 390 8248
83 390 9357
84 391 10213
85 400 10091
86 380 10004
87 387 9113
88 389 9550
89 384 8870
90 399 8953
91 385 8742
92 386 9004
93 398 9336
94 403 9423
95 372 9122
96 389 8564
97 387 9484
98 384 9643
99 373 9482
100 366 8573
1 396 7836
2 396 8874
3 379 9859
4 377 8914
5 397 8623
6 375 9445
7 388 8367
8 394 9485
9 379 9049
10 388 9469
11 396 9370
12 368 8941
13 401 8559
14 371 10119
15 411 8881
16 376 9288
17 385 8207
18 384 9455
19 392 9877
20 387 9884
21 375 9338
22 397 8863
23 365 9719
24 376 9429
25 404 8891
26 368 9633
27 406 8786
28 384 10549
29 392 8921
30 394 8663
31 391 8394
32 385 9641
33 378 8571
34 401 8323
35 385 9084
36 384 8540
37 398 8641
38 381 9235
39 394 8766
40 384 9363
41 400 9294
42 381 9568
43 396 8861
44 383 9193
45 400 8946
46 390 9347
47 387 9152
48 386 8904
49 374 8905
50 393 8801
51 374 9593
52 377 9443
53 397 8358
54 378 8989
55 392 8706
56 371 9710
57 384 9099
58 389 8934
59 386 9342
60 390 9090
61 385 9051
62 388 9674
63 373 9671
64 392 8508
65 385 8873
66 388 9836
67 378 9176
68 399 8518
69 385 10204
70 375 9215
71 388 9106
72 379 9524
73 386 8939
74 390 8728
75 378 9735
76 401 8546
77 386 9282
78 394 8749
79 376 9287
80 387 8721
81 373 9672
82 386 9014
83 393 8400
84 379 9010
85 393 9230
86 372 10032
87 388 8659
88 367 9654
89 383 9563
90 382 9924
91 379 9339
92 393 9288
93 382 9095
94 396 9002
95 387 9444
96 389 8935
97 372 10025
98 387 8905
99 382 8739
100 373 7957
