1 405 8633
2 383 9850
3 387 8968
4 381 9149
5 400 9948
6 380 9053
7 383 9498
8 393 8969
9 400 8803
10 395 8943
11 404 8549
12 387 9657
13 375 9204
14 376 9664
15 391 8986
16 395 8541
17 376 10044
18 385 8957
19 384 9435
20 390 8466
21 377 9718
22 404 8485
23 370 9570
24 404 8796
25 369 9649
26 397 8495
27 388 9990
28 388 9153
29 396 9144
30 387 9366
31 400 8431
32 383 9422
33 403 8683
34 388 9445
35 376 9057
36 394 8626
37 392 9627
38 404 9095
39 382 9110
40 387 8584
41 387 9508
42 386 9391
43 407 8155
44 377 10179
45 399 9391
46 380 9468
47 402 9500
48 391 9481
49 394 9057
50 396 9115
51 398 8888
52 371 9548
53 378 9164
54 389 10020
55 384 10010
56 384 9347
57 388 9059
58 401 9722
59 363 10258
60 393 8073
61 371 9560
62 406 9249
63 371 9856
64 405 8486
65 382 10160
66 395 8837
67 373 9457
68 405 9083
69 382 9288
70 405 8562
71 378 9093
72 384 9665
73 384 9159
74 398 8714
75 369 10514
76 400 8478
77 388 9462
78 383 8759
79 391 9430
80 392 9667
81 406 9190
82 373 9895
83 407 8718
84 392 8388
85 397 8792
86 403 9101
87 374 9816
88 404 8764
89 385 9510
90 382 9616
91 401 9403
92 386 9164
93 400 8892
94 394 9258
95 390 9250
96 390 9298
97 399 9241
98 378 9482
99 404 8884
100 397 9632
101 392 9251
102 410 9047
103 387 9125
104 389 8441
105 389 9675
106 378 10240
107 372 9397
108 400 9924
109 391 9614
110 394 8926
111 388 8811
112 381 9276
113 398 9352
114 388 8549
115 385 8690
116 385 9840
117 385 9215
118 397 8392
119 368 9178
120 396 9054
121 375 10123
122 388 9130
123 388 9192
124 397 8203
125 396 9126
126 408 9265
127 382 8901
128 393 8007
129 375 9915
130 403 8528
131 384 9139
132 390 9001
133 387 9611
134 395 8426
135 376 9644
136 394 8754
137 380 9138
138 408 8199
139 387 9395
140 390 9031
141 387 9489
142 374 9496
143 402 9448
144 372 8962
145 394 7997
146 386 9340
147 401 9122
148 356 9637
149 392 9115
150 362 10942
151 386 9330
152 379 9777
153 382 9216
154 395 9223
155 389 8745
156 399 8491
157 389 8623
158 375 9102
159 398 9166
160 387 9163
161 397 8557
162 403 8908
163 386 8905
164 400 8529
165 373 9565
166 378 9925
167 387 9510
168 400 8794
169 374 8636
170 376 8997
171 389 8948
172 387 9178
173 389 8878
174 390 8733
175 388 9030
176 390 9453
177 378 9723
178 392 9222
179 378 9850
180 390 8904
181 394 8991
182 392 9420
183 393 9040
184 401 8726
185 361 10109
186 391 8956
187 401 9591
188 385 8973
189 396 9173
190 401 8592
191 377 9511
192 406 8691
193 381 9811
194 379 9522
195 382 9234
196 399 9245
197 385 10618
198 403 8363
199 382 9744
200 387 9009
201 371 9737
202 398 9396
203 375 9085
204 404 9365
205 364 10512
206 405 8297
207 383 9104
208 398 9615
209 365 10015
210 395 8744
211 375 9988
212 403 8946
213 384 9485
214 398 8082
215 390 9102
216 373 9616
217 399 8854
218 381 8846
219 396 9308
220 378 9293
221 388 9097
222 383 9882
223 383 8687
224 393 9047
225 387 9267
226 383 9077
227 386 9162
228 407 9124
229 387 9180
230 379 9378
231 396 9036
232 375 10042
233 397 8422
234 400 8747
235 395 9293
236 387 8441
237 386 8852
238 387 9103
239 374 9507
240 384 8827
241 376 9623
242 379 9276
243 396 8927
244 377 9599
245 398 8604
246 388 8912
247 390 9115
248 403 8702
249 383 9607
250 389 9342
251 380 9683
252 380 9505
253 388 9187
254 391 9350
255 386 9257
256 391 9312
257 384 9131
258 383 9479
259 426 8467
260 377 9608
261 412 8420
262 401 9214
263 411 8748
264 392 9023
265 392 9350
266 386 9176
267 395 9345
268 394 9245
269 396 8596
270 394 8747
271 396 8835
272 388 9387
273 401 8308
274 389 9349
275 404 9028
276 408 8488
277 404 9200
278 395 9209
279 379 9527
280 406 8480
281 389 9540
282 405 8908
283 396 9122
284 398 9569
285 400 9165
286 403 8717
287 398 9365
288 395 9147
289 392 9536
290 412 8516
291 395 8680
292 402 9479
293 393 8920
294 397 9184
295 379 8666
296 399 9164
297 414 8813
298 388 9147
299 421 8442
300 381 9042
301 402 7979
302 393 9104
303 398 9403
304 410 9417
305 374 9625
306 421 8415
307 375 10090
308 397 8087
309 385 9327
310 415 9025
311 389 9081
312 406 9026
313 393 9178
314 393 8543
315 413 8486
316 394 9647
317 402 8772
318 385 8872
319 401 8985
320 389 10272
321 389 9473
322 406 8467
323 382 9222
324 398 9634
325 382 9843
326 383 9072
327 408 9106
328 405 9167
329 398 9051
330 405 8852
331 411 9160
332 408 8926
333 387 9132
334 409 9362
335 381 9415
336 421 7844
337 388 9660
338 396 8459
339 399 9416
340 396 8888
341 390 9343
342 386 9026
343 401 9525
344 399 8707
345 394 8890
346 404 8573
347 392 9137
348 384 9892
349 395 8716
350 392 9231
351 392 9065
352 392 9023
353 399 9618
354 399 8873
355 407 8578
356 382 8781
357 393 9547
358 379 8860
359 407 8978
360 391 9696
361 392 8983
362 389 9370
363 387 9075
364 395 9578
365 395 9096
366 415 8919
367 394 8996
368 383 8859
369 402 9669
370 387 9475
371 394 8754
372 401 8990
373 397 9883
374 387 8778
375 399 9279
376 387 9753
377 403 8818
378 381 9639
379 408 8712
380 376 9711
381 399 9329
382 398 9348
383 403 9039
384 391 9684
385 412 9234
386 406 8872
387 388 9227
388 392 9238
389 392 9939
390 403 9623
391 384 9167
392 393 8675
393 402 9594
394 378 8590
395 410 8734
396 386 8988
397 407 8489
398 398 9812
399 401 9520
400 407 9173
401 380 9345
402 406 8604
403 393 9475
404 403 9186
405 389 9548
406 389 8836
407 404 9279
408 391 9347
409 406 9236
410 376 9882
411 412 7876
412 396 9587
413 414 8551
414 393 9572
415 403 9003
416 394 8540
417 405 9062
418 403 9347
419 387 8907
420 408 8822
421 394 9434
422 395 9086
423 401 9604
424 395 8849
425 397 9215
426 402 8974
427 393 9707
428 410 9022
429 412 9310
430 382 9834
431 399 8048
432 401 9677
433 403 8920
434 393 9483
435 400 9087
436 413 8489
437 389 9435
438 408 8424
439 379 9996
440 383 9315
441 406 9140
442 391 9373
443 380 8861
444 412 9035
445 390 9311
446 402 8870
447 378 8992
448 406 8918
449 392 9091
450 395 9520
451 387 9126
452 390 9007
453 392 9710
454 403 9076
455 406 8775
456 398 9284
457 389 9620
458 388 9831
459 388 9349
460 390 8348
461 400 9448
462 394 9527
463 402 9940
464 390 9160
465 395 9827
466 399 8779
467 392 8962
468 397 8473
469 386 9615
470 411 8129
471 387 9500
472 410 8267
473 386 9574
474 412 8555
475 393 9244
476 393 8879
477 412 8471
478 405 9312
479 396 9068
480 392 8642
481 398 9061
482 390 9545
483 384 9252
484 393 8969
485 412 9633
486 403 9436
487 391 8648
488 402 8953
489 403 8775
490 403 8881
491 406 9177
492 390 9244
493 401 8657
494 403 9200
495 407 9008
496 378 9616
497 408 8647
498 411 8730
499 394 9332
500 387 8797
501 408 9226
502 374 9852
503 391 8813
504 397 9359
505 403 9115
506 405 9413
507 392 8778
508 416 8498
509 396 9499
510 398 8415
511 402 9124
512 397 8926
513 396 9521
514 399 8871
515 402 9212
516 419 9205
517 402 9907
518 388 9301
519 412 9071
520 402 8872
521 391 9567
522 402 9407
523 374 9777
524 411 8396
525 391 9880
526 418 8431
527 394 9528
528 403 8887
529 382 9553
530 404 9085
531 365 10016
532 414 8806
533 398 9245
534 407 8365
535 403 9013
536 397 8510
537 407 8750
538 398 8977
539 400 9041
540 392 9688
541 407 8921
542 393 9456
543 398 8606
544 407 9198
545 395 8862
546 404 8941
547 388 9930
548 405 8855
549 380 9753
550 400 8713
551 400 9190
552 406 8566
553 412 8309
554 405 8937
555 395 8633
556 391 9036
557 390 9390
558 394 9865
559 386 9698
560 416 7704
561 408 9104
562 387 8948
563 402 8771
564 386 9943
565 402 8574
566 402 8824
567 386 9053
568 394 9909
569 401 8225
570 392 9110
571 397 9516
572 400 9419
573 395 8801
574 388 9104
575 393 8798
576 400 9072
577 397 9105
578 386 9394
579 390 8643
580 411 9297
581 394 9307
582 392 8806
583 409 9001
584 388 9156
585 404 8680
586 396 8843
587 404 8844
588 398 8807
589 398 8488
590 387 9565
591 394 9228
592 394 9761
593 393 9048
594 403 8488
595 405 8595
596 391 9177
597 414 8187
598 397 8963
599 380 9399
600 404 8538
601 401 9061
602 394 8981
603 384 9699
604 402 8321
605 379 10170
606 386 9142
607 395 9152
608 408 9218
609 389 9600
610 373 10090
611 398 8575
612 391 9109
613 402 9567
614 370 9688
615 406 8782
616 381 9427
617 403 8453
618 398 9051
619 392 8720
620 374 9492
621 401 9494
622 378 9066
623 406 8614
624 423 9651
625 393 8956
626 386 9167
627 403 9303
628 383 9888
629 400 8352
630 398 9095
631 402 8327
632 382 9792
633 404 8791
634 389 9789
635 391 8926
636 399 8825
637 395 8997
638 392 9270
639 403 9332
640 389 9250
641 396 8743
642 396 9014
643 398 9209
644 400 9164
645 392 9576
646 410 8571
647 383 9466
648 385 9462
649 394 9307
650 398 9116
651 388 9888
652 406 9231
653 374 9677
654 400 9214
655 388 8754
656 405 8576
657 395 9937
658 397 9380
659 396 9109
660 398 9678
661 382 9255
662 399 9086
663 391 9523
664 395 8904
665 397 9116
666 384 8447
667 393 8970
668 393 9655
669 387 8976
670 410 8552
671 405 8582
672 395 8696
673 386 9351
674 400 8868
675 388 9410
676 401 9147
677 390 9070
678 380 9591
679 395 8853
680 398 9129
681 394 9419
682 395 9148
683 388 9253
684 386 8970
685 390 9526
686 393 9356
687 403 8859
688 395 9128
689 402 9593
690 367 9432
691 402 8696
692 397 10283
693 390 9058
694 392 8973
695 403 9193
696 377 9192
697 398 8922
698 406 8334
699 401 9124
700 392 8393
701 393 9477
702 398 8954
703 399 9556
704 396 8854
705 401 8807
706 390 9655
707 397 9099
708 380 9345
709 406 9094
710 390 8939
711 406 9090
712 387 9582
713 400 8443
714 390 8587
715 391 9606
716 394 9498
717 399 8582
718 403 9220
719 400 9110
720 403 9104
721 392 9863
722 398 9247
723 398 9556
724 386 9752
725 384 8549
726 406 9227
727 387 9675
728 379 10280
729 391 8924
730 398 9342
731 393 8576
732 404 8986
733 395 8992
734 392 9236
735 387 9633
736 389 9413
737 387 9621
738 387 8444
739 392 8841
740 393 9299
741 396 9811
742 401 8762
743 407 8722
744 383 9391
745 393 9020
746 380 10065
747 394 8943
748 383 9724
749 408 8351
750 407 9209
751 399 9531
752 397 9468
753 383 9887
754 405 8736
755 381 9896
756 409 8157
757 384 9764
758 389 9054
759 393 9046
760 405 9050
761 393 9637
762 409 8511
763 396 8955
764 402 8444
765 393 9603
766 398 8959
767 392 9835
768 411 8682
769 383 9647
770 383 9128
771 380 9517
772 395 9533
773 395 8652
774 403 8789
775 388 9483
776 378 9316
777 405 8819
778 381 9866
779 405 8555
780 390 9460
781 405 8492
782 391 9606
783 402 8835
784 390 8749
785 406 9091
786 377 9794
787 422 8429
788 384 9262
789 393 7976
790 405 8704
791 372 9095
792 394 9678
793 389 9454
794 395 8913
795 388 8712
796 407 9143
797 390 9494
798 398 9014
799 398 9194
800 402 8824
801 397 9541
802 405 8755
803 406 8832
804 375 9427
805 411 8502
806 393 9907
807 394 9511
808 396 8448
809 402 9195
810 382 9141
811 393 8737
812 394 9573
813 389 9332
814 385 9141
815 391 8701
816 390 9206
817 389 9617
818 380 9867
819 404 8381
820 404 9478
821 388 8431
822 381 9495
823 406 8714
824 370 10067
825 392 8613
826 383 9426
827 395 9219
828 399 9465
829 402 8884
830 409 9129
831 391 9519
832 389 8804
833 384 9777
834 399 9206
835 386 9582
836 389 8775
837 383 9212
838 407 9075
839 372 10565
840 392 9268
841 383 9717
842 413 8290
843 387 9201
844 392 8812
845 404 9255
846 404 8572
847 389 9367
848 394 8336
849 406 8740
850 395 9170
851 413 8841
852 388 8975
853 414 9514
854 397 9505
855 385 8539
856 411 8622
857 388 9252
858 409 8596
859 384 9805
860 398 9284
861 415 8841
862 373 9820
863 411 8416
864 382 10244
865 394 8859
866 383 8298
867 399 9731
868 369 9640
869 394 9977
870 371 9796
871 409 9019
872 370 10482
873 409 7884
874 385 9347
875 395 9122
876 407 8933
877 379 9283
878 388 9668
879 403 9403
880 415 9371
881 387 9877
882 397 8791
883 383 9155
884 398 9908
885 389 8591
886 396 9150
887 376 10120
888 402 8875
889 391 8716
890 399 9184
891 402 8827
892 378 9694
893 408 8721
894 392 9954
895 391 8817
896 397 8869
897 397 9397
898 398 9056
899 395 8974
900 402 9121
901 383 9669
902 393 8769
903 390 9319
904 391 9573
905 401 8993
906 376 9610
907 416 8311
908 376 9725
909 391 8746
910 393 9386
911 380 9041
912 396 8535
913 385 9574
914 379 9397
915 406 10046
916 394 9010
917 420 8931
918 398 8839
919 400 9361
920 362 9866
921 411 8425
922 389 10033
923 395 8501
924 405 9095
925 385 8948
926 404 8412
927 390 9899
928 410 8631
929 406 9086
930 401 9003
931 400 9458
932 395 9526
933 407 8404
934 389 9619
935 403 9110
936 407 8872
937 390 9075
938 391 8847
939 395 8895
940 383 8940
941 389 8639
942 376 9367
943 376 9774
944 362 9557
945 396 8692
946 369 9743
947 384 8712
948 374 9714
949 403 8737
950 393 10230
951 389 9105
952 381 10053
953 387 8242
954 398 8988
955 386 9171
956 386 9177
957 399 8991
958 383 9005
959 395 9107
960 391 8665
961 395 9146
962 379 9033
963 389 8372
964 399 9396
965 391 9222
966 384 9396
967 388 8901
968 398 8830
969 370 9411
970 400 8465
971 358 10322
972 404 8637
973 381 9907
974 397 8369
975 384 9139
976 373 9632
977 399 9533
978 370 9622
979 388 9083
980 371 10126
981 375 9463
982 400 9468
983 371 9919
984 398 8692
985 380 9563
986 385 9955
987 372 10296
988 381 9313
989 395 9549
990 380 9636
991 386 8935
992 381 9521
993 387 9197
994 379 10017
995 383 8422
996 378 8986
997 372 8911
998 378 9767
999 371 9791
1000 366 9230
1 400 7703
2 397 9631
3 408 9386
4 395 9145
5 390 8706
6 390 10286
7 408 10007
8 396 9305
9 381 8651
10 418 9773
11 376 9713
12 391 8871
13 398 9217
14 401 9678
15 367 9807
16 403 8674
17 385 9967
18 395 8975
19 401 9798
20 394 9884
21 385 10059
22 412 9061
23 385 9679
24 402 8575
25 386 9441
26 396 8845
27 390 9303
28 395 9688
29 401 8776
30 392 9384
31 402 8438
32 399 9092
33 394 9014
34 385 9815
35 394 9068
36 420 9499
37 398 9919
38 402 9513
39 395 9680
40 382 9948
41 399 9146
42 397 9951
43 389 9714
44 401 9182
45 396 9712
46 380 9196
47 383 9804
48 379 10419
49 402 9312
50 397 9545
51 385 9686
52 402 9111
53 388 9633
54 397 9189
55 400 9694
56 385 9792
57 407 9319
58 404 8323
59 391 9925
60 388 9368
61 409 9334
62 376 10375
63 404 9243
64 412 9094
65 390 9330
66 398 9817
67 396 9415
68 397 9093
69 411 8629
70 386 9587
71 396 8790
72 401 9364
73 382 9877
74 398 9774
75 395 9511
76 396 8899
77 390 9384
78 396 9777
79 393 9295
80 390 8655
81 397 9530
82 384 9303
83 422 8728
84 384 10058
85 404 8910
86 403 9793
87 387 9431
88 401 9019
89 392 9952
90 389 9286
91 397 9838
92 383 10169
93 399 9310
94 387 9722
95 401 9327
96 408 9169
97 392 9494
98 393 10185
99 390 10275
100 414 9085
101 366 10109
102 404 8463
103 378 9874
104 393 9185
105 374 9828
106 406 10011
107 390 10407
108 387 9876
109 404 8933
110 390 9580
111 390 10131
112 379 9122
113 402 8424
114 393 9801
115 399 9800
116 394 9608
117 383 9943
118 402 9365
119 406 9073
120 381 10132
121 404 9051
122 393 9549
123 397 9193
124 399 9394
125 391 9659
126 393 10051
127 382 10160
128 393 8566
129 393 9657
130 384 10385
131 391 9432
132 396 9246
133 370 9822
134 399 8835
135 410 9294
136 365 9629
137 403 9095
138 391 10605
139 397 9141
140 374 9300
141 408 9355
142 389 9348
143 399 8966
144 396 9094
145 394 9448
146 400 9235
147 386 10141
148 392 9679
149 396 9854
150 404 9881
151 381 9538
152 412 8437
153 394 9376
154 394 9027
155 398 9994
156 397 8916
157 398 9465
158 394 9842
159 390 9608
160 390 9484
161 391 9242
162 394 9636
163 389 9719
164 407 8936
165 399 9638
166 391 9113
167 394 9880
168 381 10227
169 389 9482
170 398 9424
171 394 9630
172 393 9459
173 391 9918
174 391 9247
175 398 9849
176 397 10494
177 392 9937
178 402 9062
179 394 9718
180 379 10006
181 411 8993
182 389 9408
183 387 9050
184 393 9811
185 390 9505
186 399 9599
187 385 9362
188 395 9277
189 393 9791
190 419 8999
191 381 9157
192 403 8960
193 404 8961
194 400 8962
195 374 9700
196 415 9186
197 391 10358
198 384 8666
199 394 9574
200 389 9470
201 408 9962
202 393 9063
203 405 9290
204 388 9542
205 384 9347
206 395 9260
207 381 10212
208 395 10068
209 389 9913
210 390 9279
211 400 9750
212 391 10133
213 395 9628
214 380 10246
215 417 7771
216 387 10160
217 397 9441
218 397 9202
219 376 10244
220 403 9045
221 392 9702
222 395 9191
223 404 8674
224 397 9869
225 382 9238
226 412 8450
227 381 9644
228 394 9267
229 388 10020
230 393 8486
231 396 8961
232 394 9415
233 391 9712
234 395 9318
235 386 9473
236 397 9736
237 377 9737
238 402 8533
239 377 10013
240 404 9494
241 401 9672
242 400 8820
243 393 9960
244 401 9192
245 382 9707
246 393 9060
247 373 10025
248 385 9693
249 392 10027
250 375 10131
251 401 8727
252 398 9403
253 379 9858
254 399 9344
255 382 10020
256 394 9969
257 379 10175
258 387 9302
259 382 9612
260 397 9425
261 390 9735
262 389 9718
263 365 10319
264 398 9129
265 389 10521
266 390 9549
267 387 8984
268 394 9449
269 393 9532
270 383 10332
271 387 9300
272 391 9380
273 402 9185
274 392 9379
275 392 9157
276 394 9250
277 397 9829
278 376 8697
279 397 9348
280 386 9499
281 404 8614
282 393 9523
283 392 9502
284 402 9842
285 376 9823
286 404 9329
287 394 8966
288 395 9369
289 402 9074
290 387 9957
291 395 9594
292 384 8968
293 396 9123
294 384 10292
295 393 8819
296 403 9250
297 395 8206
298 398 9228
299 404 9380
300 389 9564
301 399 8955
302 389 9941
303 403 9070
304 392 9666
305 371 10427
306 393 8932
307 389 9899
308 382 9857
309 392 9553
310 392 9895
311 396 9871
312 401 8792
313 385 9287
314 403 9186
315 403 9287
316 372 10107
317 398 9090
318 370 10486
319 380 9709
320 390 10096
321 386 9787
322 393 9726
323 401 9854
324 386 10138
325 400 8878
326 413 8545
327 384 9815
328 406 8988
329 388 10303
330 390 9350
331 380 9754
332 386 9363
333 390 9566
334 398 9535
335 386 9613
336 390 9815
337 391 9970
338 376 10130
339 388 9146
340 397 9202
341 394 9383
342 402 9540
343 381 9439
344 390 9458
345 371 9779
346 392 8724
347 388 10204
348 387 8946
349 404 9675
350 392 9473
351 380 8782
352 408 8778
353 390 9835
354 385 9459
355 407 9079
356 399 9510
357 401 9381
358 376 9310
359 400 9035
360 382 9414
361 391 8901
362 387 9987
363 396 9110
364 397 9116
365 385 9426
366 398 9502
367 386 9881
368 389 9883
369 387 10125
370 392 9327
371 391 9171
372 402 8774
373 389 9045
374 390 9010
375 389 9350
376 396 9758
377 386 8881
378 386 9386
379 410 9666
380 397 9555
381 384 9044
382 412 8494
383 374 10060
384 406 9268
385 380 9854
386 382 9079
387 378 9701
388 404 9674
389 383 9289
390 389 9530
391 402 9144
392 396 9404
393 393 9741
394 381 9628
395 400 9180
396 396 9478
397 389 9567
398 400 9850
399 395 9367
400 388 10137
401 393 9401
402 397 9628
403 383 9821
404 394 8803
405 388 9927
406 392 9401
407 374 10375
408 388 9646
409 405 9488
410 384 9323
411 403 9073
412 372 10407
413 370 9450
414 397 9483
415 401 9482
416 402 9727
417 383 9184
418 402 8927
419 394 9914
420 393 8918
421 394 8925
422 386 9900
423 402 9274
424 381 9668
425 382 9515
426 377 10489
427 389 9600
428 390 9025
429 398 9398
430 400 9447
431 380 9967
432 402 8485
433 385 9128
434 383 10040
435 383 9293
436 377 10062
437 371 9548
438 390 10147
439 409 9723
440 381 10158
441 392 9247
442 403 9655
443 384 9102
444 382 9711
445 390 9919
446 413 9708
447 383 9833
448 400 9132
449 400 10089
450 399 8697
451 380 9779
452 402 8987
453 382 9857
454 392 8909
455 384 9935
456 383 10239
457 392 9193
458 381 9169
459 380 8775
460 384 9269
461 396 9340
462 381 9542
463 398 9046
464 391 9907
465 393 9014
466 398 9138
467 392 9064
468 375 9757
469 401 9005
470 369 9989
471 414 8818
472 372 9836
473 387 8576
474 376 9839
475 393 9339
476 402 9457
477 380 9384
478 385 9353
479 397 8957
480 403 9070
481 372 9927
482 386 9129
483 391 9388
484 395 8924
485 373 9664
486 390 9606
487 377 9698
488 384 9074
489 392 9573
490 378 9395
491 384 9353
492 381 9239
493 387 9858
494 397 9399
495 399 9045
496 390 9099
497 394 9174
498 387 9354
499 389 9189
500 382 9520
501 392 8682
502 398 8706
503 368 9580
504 392 8374
505 367 10294
506 403 8650
507 373 9851
508 404 8622
509 388 9792
510 390 9085
511 389 9697
512 386 9833
513 397 8239
514 384 9791
515 391 9050
516 359 9775
517 388 9193
518 374 9363
519 384 9805
520 385 9223
521 400 9167
522 401 8965
523 385 9566
524 392 7800
525 382 9631
526 373 8790
527 382 9185
528 387 9367
529 366 9829
530 382 9350
531 374 8153
532 381 9317
533 370 9597
534 388 9575
535 369 9475
536 387 9306
537 388 9236
538 386 9213
539 373 9706
540 384 9050
541 374 9223
542 396 9074
543 361 10150
544 390 9062
545 360 9848
546 388 8682
547 385 8841
548 388 8883
549 365 10051
550 395 8737
551 385 8739
552 388 9052
553 381 8720
554 382 9685
555 372 9680
556 374 9385
557 376 9927
558 382 9318
559 373 9291
560 391 9251
561 353 10029
562 386 8281
563 358 10253
564 390 9056
565 382 9051
566 382 9125
567 373 9525
568 361 9883
569 382 9587
570 373 10623
571 375 9265
572 377 8868
573 367 10034
574 368 9515
575 391 8867
576 365 9567
577 381 8780
578 371 10101
579 384 9169
580 361 9831
581 389 9280
582 367 9954
583 371 8937
584 386 9537
585 374 9623
586 369 8724
587 381 8818
588 369 10682
589 381 9649
590 384 9726
591 369 9956
592 374 9294
593 372 10054
594 379 9737
595 386 8948
596 367 9180
597 364 8629
598 386 9379
599 388 8913
600 365 9362
601 391 8648
602 385 9412
603 379 9083
604 384 8838
605 369 9222
606 387 9169
607 373 9301
608 383 8735
609 386 8971
610 381 9656
611 384 9382
612 364 9953
613 377 9598
614 379 8885
615 383 8867
616 378 9321
617 382 9049
618 387 9434
619 375 9206
620 373 9182
621 368 9519
622 370 9125
623 375 9648
624 373 9750
625 394 9242
626 376 8946
627 373 9282
628 364 9781
629 363 9049
630 372 9888
631 367 9322
632 372 9473
633 389 8773
634 387 8830
635 362 10121
636 373 8657
637 374 9414
638 368 9419
639 375 8031
640 373 9418
641 376 9486
642 384 9315
643 391 8915
644 377 9350
645 370 9450
646 381 8925
647 361 9565
648 383 9380
649 386 9381
650 370 9929
651 366 9389
652 375 9173
653 377 9038
654 383 9732
655 375 9121
656 377 8233
657 369 9465
658 371 9465
659 369 8710
660 370 9023
661 379 9731
662 382 9120
663 379 8878
664 370 9290
665 372 9662
666 369 9171
667 371 9281
668 383 9471
669 367 10293
670 380 8719
671 369 9707
672 378 8902
673 374 10101
674 364 9232
675 381 8703
676 357 10344
677 373 9703
678 378 9159
679 395 8918
680 370 9028
681 382 9601
682 352 9671
683 380 8642
684 370 9935
685 392 9334
686 351 10619
687 385 8699
688 350 9726
689 394 8393
690 365 10208
691 377 8989
692 379 9609
693 374 9429
694 384 9212
695 387 8868
696 378 9661
697 374 9152
698 370 9142
699 368 9484
700 379 9413
701 363 10195
702 378 9526
703 367 9659
704 382 9765
705 376 8985
706 388 9264
707 381 8818
708 373 9583
709 374 9576
710 387 8925
711 373 8853
712 370 8896
713 378 9120
714 372 10220
715 374 9060
716 379 9998
717 376 9125
718 356 9832
719 384 8912
720 380 9040
721 364 9131
722 377 9714
723 375 8684
724 375 9180
725 375 8910
726 376 9348
727 370 9422
728 356 9958
729 380 8679
730 367 9261
731 378 8709
732 377 9199
733 364 8695
734 381 8304
735 377 9341
736 380 9723
737 376 9151
738 367 9466
739 371 9180
740 388 9718
741 374 9679
742 374 9196
743 356 9471
744 382 8646
745 366 10211
746 373 9271
747 371 9554
748 366 9301
749 374 9189
750 394 9187
751 363 9718
752 385 9248
753 359 9583
754 373 8643
755 366 8691
756 369 8883
757 374 9548
758 374 9330
759 385 8748
760 378 8745
761 376 8884
762 379 9502
763 376 9205
764 385 9315
765 380 10135
766 383 8434
767 363 9441
768 372 8516
769 376 8886
770 393 9060
771 378 9174
772 374 8923
773 368 9474
774 374 9088
775 380 9500
776 366 9330
777 369 8964
778 390 9373
779 372 9707
780 368 9267
781 376 9354
782 387 9640
783 382 9384
784 377 8870
785 387 9181
786 360 9380
787 385 8936
788 381 8928
789 396 8900
790 356 8936
791 379 9300
792 361 10201
793 375 8669
794 372 9982
795 368 8996
796 376 8721
797 367 8634
798 389 9462
799 369 10216
800 364 8860
801 385 9045
802 367 10218
803 380 9039
804 367 8492
805 381 8989
806 379 9146
807 371 9527
808 372 9642
809 367 9721
810 387 8814
811 387 8967
812 375 8495
813 384 9116
814 378 8651
815 380 9153
816 374 8948
817 380 9029
818 362 9755
819 381 8801
820 376 9768
821 370 9143
822 387 8942
823 377 9101
824 380 9667
825 372 9101
826 387 8772
827 381 9369
828 367 8903
829 381 8987
830 377 9338
831 387 9129
832 388 8786
833 387 9324
834 381 9230
835 370 9210
836 379 8959
837 359 8955
838 373 8264
839 379 8514
840 376 9197
841 381 8900
842 376 9371
843 357 9549
844 378 8918
845 363 9676
846 369 9007
847 365 10093
848 357 9005
849 372 9380
850 371 9707
851 377 8425
852 382 8513
853 363 9786
854 383 8881
855 361 10542
856 375 8745
857 358 9441
858 386 8535
859 374 10146
860 387 8451
861 386 9571
862 383 9261
863 388 8914
864 386 9864
865 390 9216
866 405 9426
867 384 9239
868 395 8615
869 387 9444
870 382 9023
871 405 9299
872 367 9301
873 386 8489
874 404 9082
875 399 8659
876 397 8662
877 387 9372
878 376 8250
879 405 8611
880 389 8613
881 397 8013
882 376 9537
883 397 9159
884 371 9538
885 393 8630
886 385 9522
887 387 9246
888 406 8371
889 400 8629
890 393 8923
891 394 8729
892 394 9086
893 388 8445
894 384 8457
895 389 9200
896 384 9389
897 389 9570
898 393 9589
899 392 9067
900 398 9198
901 388 9203
902 397 8857
903 378 9575
904 413 8625
905 388 9116
906 405 8542
907 383 9101
908 403 8618
909 382 9665
910 409 8602
911 378 9109
912 395 10016
913 390 9380
914 399 8162
915 383 9083
916 392 9154
917 379 9324
918 407 8267
919 382 9516
920 389 8392
921 395 8597
922 401 8664
923 373 9061
924 379 8581
925 375 10024
926 397 9140
927 376 9505
928 388 8732
929 395 9137
930 392 8907
931 386 8764
932 403 9097
933 398 9010
934 389 9218
935 403 8324
936 392 8328
937 399 9399
938 378 9214
939 392 8524
940 375 9499
941 411 8607
942 377 9838
943 401 8919
944 379 8776
945 378 9782
946 393 8949
947 397 9407
948 390 8929
949 379 9654
950 385 9198
951 378 9423
952 372 8788
953 413 8870
954 394 8945
955 398 7954
956 377 9399
957 395 8658
958 383 9711
959 403 9017
960 357 9661
961 407 9014
962 376 8928
963 399 8435
964 391 9451
965 379 8936
966 386 9080
967 391 9081
968 373 10552
969 378 9187
970 406 9646
971 377 9356
972 388 9399
973 373 9358
974 401 8544
975 363 9727
976 414 7579
977 382 9412
978 390 9349
979 380 9682
980 392 8505
981 372 9996
982 390 9069
983 403 8905
984 368 9734
985 384 9200
986 378 10007
987 392 8893
988 388 8883
989 387 8559
990 374 9715
991 380 8918
992 391 9872
993 378 9574
994 392 8847
995 385 9070
996 398 8641
997 387 9541
998 400 8518
999 379 9298
1000 382 8394
1 401 8434
2 398 9189
3 388 9438
4 399 8989
5 396 9427
6 392 9020
7 414 9286
8 395 9364
9 404 9230
10 388 9236
11 389 9402
12 391 8769
13 392 9169
14 398 9256
15 392 9292
16 386 9447
17 389 9611
18 385 9681
19 402 9297
20 388 10036
21 403 8958
22 385 8387
23 386 9139
24 389 10259
25 387 9449
26 386 9036
27 393 9702
28 362 10349
29 401 8413
30 383 9252
31 396 9505
32 393 9243
33 392 9780
34 388 9230
35 383 9519
36 378 9530
37 396 9012
38 382 10232
39 388 9369
40 406 9193
41 403 8887
42 401 8750
43 389 8444
44 392 9406
45 406 9328
46 402 9484
47 396 9367
48 392 9957
49 394 9004
50 372 10513
51 404 8509
52 384 9059
53 395 8963
54 395 9466
55 388 9042
56 392 8938
57 408 8561
58 359 10185
59 408 8448
60 385 9753
61 401 8575
62 396 8746
63 396 9534
64 394 9121
65 381 9888
66 397 8803
67 376 9567
68 396 8904
69 383 9677
70 390 9274
71 392 9281
72 382 10122
73 389 9665
74 392 8767
75 392 9268
76 394 9922
77 376 10007
78 404 8546
79 395 8911
80 379 9519
81 400 9193
82 383 10149
83 401 9297
84 382 9743
85 387 9118
86 381 9844
87 384 9415
88 403 8963
89 381 10128
90 381 9017
91 401 8837
92 394 9569
93 402 8902
94 373 9379
95 383 8744
96 385 9763
97 390 9332
98 388 8835
99 386 8785
100 377 10030
101 369 9677
102 397 9028
103 383 10097
104 394 9155
105 389 8826
106 390 9419
107 379 9348
108 403 9397
109 382 9812
110 395 8991
111 377 9831
112 382 9156
113 387 9604
114 389 9837
115 395 8962
116 398 9816
117 388 9401
118 388 9555
119 391 8811
120 400 8810
121 395 8883
122 396 9243
123 389 9810
124 390 8639
125 387 9690
126 378 9819
127 389 8619
128 396 9343
129 377 9495
130 385 9484
131 376 9905
132 395 9193
133 386 9289
134 389 9717
135 376 10325
136 393 8678
137 380 9011
138 402 8958
139 372 10248
140 394 9004
141 392 9130
142 385 9292
143 391 8976
144 391 9300
145 403 9181
146 388 9289
147 389 9176
148 398 9503
149 365 9491
150 392 10095
151 393 9293
152 372 9567
153 393 8735
154 387 9538
155 391 9588
156 388 9809
157 385 9676
158 401 9262
159 385 9331
160 403 8936
161 382 9684
162 400 9266
163 391 9704
164 397 8797
165 396 9162
166 382 9964
167 387 8623
168 387 8369
169 397 9050
170 403 9791
171 388 9283
172 381 9252
173 400 9780
174 389 9513
175 399 9382
176 388 9709
177 395 9152
178 382 8749
179 399 9078
180 380 9115
181 383 10139
182 380 9736
183 403 8770
184 402 9503
185 390 8958
186 388 9771
187 391 9281
188 389 9886
189 383 9063
190 392 9200
191 396 8790
192 379 9926
193 394 8969
194 376 10095
195 384 8668
196 385 9466
197 401 9284
198 383 9730
199 389 9438
200 382 9442
201 390 8697
202 391 9011
203 379 9649
204 395 8766
205 391 9351
206 392 9683
207 397 8966
208 383 8868
209 396 9196
210 380 9549
211 406 8517
212 374 10230
213 408 8583
214 378 9754
215 387 9013
216 385 10013
217 394 8769
218 383 9589
219 402 9017
220 399 8619
221 389 9373
222 398 9232
223 392 8990
224 400 9063
225 398 9421
226 388 9558
227 384 9363
228 395 9184
229 384 9618
230 396 8970
231 385 9095
232 381 9954
233 391 9484
234 378 8845
235 402 8737
236 377 9234
237 401 9088
238 385 9221
239 380 9223
240 394 9248
241 392 9629
242 393 8894
243 390 9441
244 388 10282
245 370 9466
246 397 9074
247 402 9985
248 384 10029
249 391 9269
250 374 8783
251 380 9736
252 401 9269
253 367 10147
254 409 8484
255 392 9333
256 397 8469
257 400 8772
258 381 9459
259 394 8538
260 398 8443
261 394 9048
262 393 8472
263 375 9664
264 390 9128
265 384 9280
266 385 9473
267 395 9579
268 375 10530
269 401 9028
270 375 10178
271 393 8735
272 390 9009
273 388 9775
274 383 9545
275 378 8688
276 381 9464
277 401 8616
278 381 9782
279 392 8415
280 394 8803
281 392 9657
282 385 9153
283 407 9241
284 371 10168
285 400 8065
286 390 9708
287 380 8727
288 387 8996
289 396 9845
290 387 9357
291 385 9236
292 388 9325
293 405 8357
294 379 9373
295 398 8679
296 380 9601
297 390 8473
298 392 9692
299 391 9234
300 393 9213
301 396 9447
302 368 9692
303 397 8562
304 381 9591
305 389 9065
306 383 9914
307 380 9054
308 376 10083
309 397 9679
310 383 8816
311 389 9353
312 393 9073
313 381 8993
314 388 8802
315 376 9434
316 400 8119
317 359 10397
318 398 8394
319 382 10209
320 389 8707
321 398 9716
322 391 9170
323 377 8506
324 401 9200
325 367 10164
326 386 8779
327 392 9164
328 385 9609
329 376 9322
330 399 9504
331 387 9596
332 385 8866
333 389 9121
334 380 10018
335 367 9707
336 377 8774
337 390 9366
338 377 9704
339 392 8644
340 374 9166
341 376 8280
342 355 10437
343 384 8908
344 378 9263
345 375 9596
346 392 8808
347 357 9858
348 368 9331
349 390 8936
350 362 9613
351 373 8455
352 373 9335
353 377 9635
354 364 9207
355 366 9067
356 392 8863
357 376 9457
358 367 9406
359 381 8496
360 371 10081
361 388 9059
362 375 9376
363 365 9019
364 386 8461
365 386 9219
366 374 10290
367 379 8852
368 390 8623
369 379 9063
370 369 9094
371 380 8614
372 366 9593
373 380 8744
374 379 9157
375 391 8916
376 370 9955
377 380 9681
378 374 9171
379 372 8673
380 393 8967
381 393 8992
382 371 9493
383 374 9025
384 389 8525
385 376 8912
386 367 9182
387 357 9042
388 381 9281
389 380 9078
390 383 9202
391 365 9766
392 379 8725
393 371 9271
394 370 9265
395 380 8956
396 385 9190
397 366 9598
398 369 8899
399 382 9495
400 369 9232
401 375 8785
402 380 9406
403 362 9673
404 383 9203
405 374 9676
406 363 9521
407 363 9383
408 375 8855
409 376 9096
410 390 8914
411 362 9878
412 387 9230
413 377 8958
414 377 8813
415 385 8804
416 367 9652
417 368 9182
418 373 9208
419 385 8844
420 371 9786
421 373 9317
422 371 8791
423 381 8287
424 368 8875
425 377 9651
426 364 9650
427 361 9235
428 375 9280
429 378 9383
430 367 9900
431 384 8907
432 366 9648
433 391 8574
434 353 9649
435 373 8660
436 364 9587
437 361 8600
438 377 9286
439 365 9457
440 383 8806
441 385 9761
442 362 9585
443 369 8887
444 380 9747
445 355 9539
446 392 8170
447 381 9226
448 380 8871
449 370 9152
450 368 9884
451 369 9404
452 357 10070
453 381 9667
454 360 10327
455 392 8276
456 363 9384
457 378 9255
458 349 9755
459 366 9034
460 378 8936
461 381 8665
462 377 9026
463 356 10097
464 385 8166
465 361 9655
466 369 8480
467 373 9137
468 361 9255
469 372 8913
470 368 9290
471 380 9006
472 377 9191
473 364 9182
474 360 9089
475 392 9350
476 362 9420
477 379 8921
478 360 9806
479 387 8759
480 373 9147
481 382 8692
482 378 9217
483 374 9111
484 364 9189
485 377 9066
486 364 9157
487 396 9001
488 355 9508
489 377 8452
490 376 9022
491 378 8168
492 374 8908
493 358 9302
494 382 9035
495 359 9321
496 360 9136
497 372 9615
498 362 9996
499 376 8684
500 380 9143
501 369 9408
502 383 8925
503 368 8878
504 374 8740
505 360 9845
506 397 8855
507 358 9500
508 381 8577
509 363 9796
510 373 8946
511 377 8826
512 359 9711
513 379 8763
514 360 9729
515 369 9161
516 387 8038
517 359 9591
518 384 8908
519 358 9472
520 385 8787
521 377 8634
522 375 8801
523 383 9141
524 371 8624
525 368 9361
526 373 9456
527 375 8654
528 366 9067
529 366 9348
530 352 9167
531 375 9387
532 375 8399
533 381 8896
534 380 9153
535 388 9418
536 383 9063
537 380 9765
538 375 8953
539 381 8358
540 370 9308
541 368 9230
542 375 8994
543 365 9216
544 374 9247
545 381 9760
546 367 9114
547 387 8935
548 369 9331
549 367 9125
550 383 9124
551 370 9511
552 380 8539
553 356 9779
554 379 8558
555 356 10213
556 372 8643
557 378 9137
558 364 8766
559 369 9833
560 368 9693
561 375 9310
562 367 9182
563 372 9360
564 366 9290
565 371 9210
566 388 9071
567 360 9026
568 378 9027
569 366 10318
570 374 9404
571 372 8874
572 372 9207
573 365 9303
574 377 9870
575 366 9708
576 378 9412
577 360 9501
578 363 8931
579 381 8995
580 358 9691
581 372 9306
582 384 8325
583 364 10329
584 362 8926
585 387 9219
586 363 9768
587 368 8636
588 371 9566
589 360 9885
590 363 8740
591 388 9116
592 370 9147
593 367 9061
594 353 10021
595 374 9104
596 355 9483
597 393 9032
598 382 9571
599 383 8435
600 389 8541
601 382 9333
602 394 9223
603 387 8989
604 386 9062
605 382 9536
606 391 9235
607 367 10538
608 382 9130
609 391 9445
610 377 9807
611 369 9047
612 399 8791
613 369 10551
614 377 9069
615 386 9260
616 385 9179
617 382 9506
618 370 9260
619 385 9579
620 382 9082
621 396 8362
622 381 9690
623 389 9069
624 387 8955
625 391 8966
626 375 9895
627 389 8969
628 399 9254
629 388 9315
630 385 9562
631 380 9352
632 382 9474
633 387 8948
634 372 9128
635 387 9511
636 379 9113
637 390 8220
638 382 9265
639 384 9074
640 388 9642
641 375 9019
642 382 9275
643 396 9512
644 381 9685
645 376 8951
646 371 8557
647 398 9055
648 379 9361
649 388 9185
650 392 9442
651 386 8759
652 380 9123
653 398 9181
654 393 9302
655 370 9224
656 394 8572
657 378 9563
658 379 9828
659 376 9313
660 390 9273
661 358 10131
662 365 8652
663 378 9852
664 367 10043
665 396 9657
666 375 9329
667 381 9338
668 391 9438
669 384 9827
670 380 9480
671 371 9941
672 377 9479
673 380 8645
674 382 8673
675 399 9637
676 377 9480
677 407 8174
678 375 9143
679 384 8901
680 385 8905
681 391 8954
682 376 8982
683 409 8660
684 364 10081
685 388 7900
686 382 9749
687 363 9182
688 405 8802
689 376 9511
690 378 9573
691 393 8833
692 397 9103
693 367 9205
694 393 8227
695 370 9785
696 384 8532
697 382 9051
698 376 9810
699 403 8449
700 374 9816
701 378 8567
702 390 9215
703 367 9990
704 376 9164
705 399 9189
706 377 9463
707 396 9093
708 379 9621
709 386 8057
710 380 9529
711 398 8981
712 377 9633
713 384 9391
714 369 9967
715 392 8506
716 382 9146
717 377 9695
718 389 9037
719 398 8949
720 393 9063
721 381 9225
722 401 8642
723 381 9598
724 385 9385
725 377 9019
726 393 8797
727 388 8785
728 394 8606
729 374 9583
730 395 8598
731 387 9432
732 376 10074
733 387 9413
734 391 9195
735 371 9303
736 393 9694
737 375 9021
738 392 8815
739 370 9808
740 371 8239
741 385 9699
742 392 8910
743 385 8923
744 390 9798
745 369 9733
746 392 9027
747 392 9492
748 387 9631
749 374 8732
750 402 9233
751 363 9306
752 391 9394
753 387 9832
754 378 8692
755 400 8800
756 383 9013
757 383 9484
758 390 9876
759 379 9573
760 392 9077
761 375 9794
762 393 9140
763 368 10095
764 386 8678
765 391 8947
766 390 8564
767 374 9727
768 367 9017
769 371 9884
770 392 8908
771 391 8997
772 371 9470
773 387 9176
774 384 9219
775 376 9295
776 383 9455
777 389 9318
778 383 9048
779 380 10043
780 388 8748
781 368 9925
782 389 9089
783 377 8629
784 388 8398
785 376 10357
786 382 9246
787 388 8698
788 384 8871
789 388 9295
790 379 9482
791 388 8706
792 379 9343
793 395 8844
794 395 9310
795 380 9697
796 373 8739
797 376 8704
798 389 9338
799 378 9646
800 380 9088
801 386 9538
802 386 8860
803 388 9439
804 363 9043
805 392 9295
806 401 9250
807 366 9410
808 393 8502
809 384 9977
810 376 9470
811 395 8931
812 370 9610
813 404 8568
814 373 10518
815 379 9199
816 369 9521
817 377 9373
818 378 9829
819 376 9062
820 382 8571
821 377 9409
822 391 9403
823 380 9501
824 388 9123
825 383 9442
826 377 9726
827 380 8822
828 383 8828
829 396 9511
830 369 9297
831 393 8733
832 392 8840
833 374 9472
834 390 8890
835 384 8820
836 381 9807
837 370 9156
838 395 8554
839 378 9455
840 383 8505
841 376 9017
842 368 9761
843 377 9367
844 397 8425
845 388 8909
846 392 8847
847 388 8791
848 364 9515
849 388 9090
850 372 10104
851 393 8792
852 382 9956
853 384 9147
854 385 9153
855 372 9621
856 380 8880
857 385 8286
858 384 9219
859 390 9782
860 376 9279
861 390 9803
862 351 10482
863 386 9442
864 364 9695
865 396 8987
866 399 8985
867 400 9162
868 382 9157
869 385 9083
870 366 9704
871 386 8983
872 348 10515
873 383 8574
874 380 9650
875 381 9317
876 388 8912
877 400 9261
878 367 9492
879 385 9223
880 371 9675
881 400 8511
882 376 9806
883 385 9215
884 375 9323
885 381 9290
886 372 9632
887 397 8110
888 380 8966
889 398 8341
890 374 9813
891 393 8604
892 389 9828
893 379 9669
894 388 8980
895 383 9055
896 394 9524
897 361 10147
898 382 9357
899 377 9814
900 381 9236
901 383 8892
902 377 8982
903 382 9701
904 384 9033
905 385 8972
906 380 9881
907 389 8901
908 387 9059
909 383 9152
910 373 9667
911 380 8824
912 375 9369
913 373 9073
914 387 9197
915 375 10065
916 372 8887
917 390 9316
918 369 9639
919 386 8172
920 392 9305
921 384 9137
922 376 10167
923 405 9586
924 378 9863
925 398 9297
926 408 8914
927 391 9492
928 386 9180
929 399 9840
930 393 9321
931 381 9323
932 384 9306
933 396 9039
934 386 9231
935 407 8858
936 376 9695
937 386 9324
938 377 10087
939 393 9287
940 387 9509
941 398 8831
942 397 9323
943 398 9174
944 397 9485
945 383 9424
946 392 9564
947 386 9620
948 387 9628
949 386 9721
950 389 9227
951 395 8997
952 374 9643
953 409 8751
954 385 9240
955 394 8360
956 389 9149
957 382 9708
958 379 9342
959 391 9778
960 394 9491
961 389 8655
962 380 9224
963 408 9395
964 394 9470
965 400 9070
966 380 9990
967 391 9526
968 376 9639
969 388 9162
970 385 9644
971 384 9771
972 389 9892
973 385 10229
974 391 9586
975 381 9059
976 383 9274
977 372 9946
978 387 9761
979 393 9138
980 395 9252
981 388 9103
982 388 8417
983 374 9304
984 396 9123
985 387 9853
986 401 8673
987 393 9157
988 395 8359
989 399 9825
990 373 9705
991 390 9085
992 385 9415
993 383 9647
994 384 9270
995 396 9675
996 393 9189
997 381 8766
998 401 9447
999 355 9357
1000 387 8592
