1 245 35341
2 261 33666
3 262 33742
4 262 33686
5 262 33639
6 263 33542
7 265 33605
8 262 33853
9 263 33739
10 267 33174
11 267 33073
12 269 32750
13 273 32546
14 276 32242
15 280 31749
16 284 31239
17 289 30861
18 289 30806
19 290 30653
20 294 30401
21 283 31413
22 287 30932
23 282 31838
24 282 31799
25 279 32071
26 281 31771
27 273 32550
28 279 31891
29 283 31392
30 283 31368
31 283 31348
32 286 31458
33 290 31045
34 280 32000
35 284 31501
36 279 31987
37 283 31500
38 274 32378
39 277 32043
40 269 32829
41 269 32789
42 274 32640
43 276 32422
44 276 32354
45 277 32162
46 274 32331
47 274 32245
48 269 32816
49 271 32644
50 272 32644
51 272 32550
52 279 31790
53 280 31723
54 281 31565
55 284 31651
56 284 31579
57 274 32558
58 277 32226
59 277 32135
60 279 31814
61 275 32754
62 277 32520
63 277 32440
64 279 32108
65 281 31816
66 272 32634
67 279 31873
68 270 32719
69 274 32266
70 268 32986
71 273 32497
72 267 33033
73 269 32889
74 271 32709
75 274 32318
76 266 33200
77 267 33133
78 270 32726
79 272 32572
80 275 32218
81 277 32183
82 279 31846
83 279 31773
84 280 31750
85 280 31737
86 282 31481
87 285 31276
88 275 32343
89 275 32302
90 279 31830
91 282 31628
92 284 31331
93 276 32160
94 279 31982
95 279 31905
96 281 31605
97 283 31463
98 283 31431
99 287 30971
100 290 30799
101 293 30481
102 295 30157
103 287 30909
104 290 30760
105 284 31231
106 286 31141
107 278 32006
108 284 31202
109 277 32098
110 277 32018
111 280 32111
112 284 31615
113 287 31235
114 287 31148
115 276 32264
116 281 31616
117 281 31528
118 283 31424
119 284 31261
120 288 30783
121 279 31877
122 283 31373
123 285 31098
124 287 30998
125 288 30808
126 290 30735
127 292 30455
128 293 30397
129 295 30146
130 288 30784
131 299 30012
132 301 29727
133 303 29391
134 298 29964
135 301 29509
136 300 30072
137 301 29837
138 295 30379
139 297 30225
140 293 30622
141 294 30424
142 299 29848
143 300 29700
144 292 30554
145 296 30092
146 285 31273
147 287 31033
148 279 31818
149 281 31520
150 278 31973
151 281 31653
152 282 31472
153 287 30877
154 294 30691
155 298 30254
156 294 30533
157 297 30189
158 298 30050
159 299 29853
160 289 30815
161 291 30574
162 294 30245
163 299 29813
164 299 29729
165 302 29605
166 302 29514
167 302 29434
168 298 30071
169 299 29867
170 300 29722
171 301 29496
172 300 29735
173 300 29645
174 297 30226
175 300 29843
176 286 31106
177 290 30685
178 286 31114
179 289 30744
180 279 32081
181 289 30996
182 281 31740
183 281 31679
184 274 32314
185 275 32168
186 268 33230
187 268 33193
188 261 33945
189 261 33862
190 252 34716
191 252 34640
192 259 33792
193 260 34284
194 258 34189
195 262 33667
196 262 33596
197 263 33424
198 263 33360
199 267 32996
200 269 32668
201 269 32574
202 272 32266
203 263 33169
204 265 32983
205 269 32969
206 270 32718
207 268 32956
208 268 32895
209 261 33473
210 265 33110
211 256 34032
212 261 33420
213 261 33400
214 264 33087
215 269 32517
216 258 33746
217 266 32929
218 268 32668
219 276 31791
220 277 31681
221 282 31207
222 274 31970
223 275 32010
224 277 31828
225 280 31449
226 285 30931
227 290 30349
228 280 31396
229 292 30161
230 285 30892
231 285 30877
232 284 30953
233 285 30793
234 277 31753
235 279 31919
236 273 32351
237 277 31976
238 268 32901
239 273 32160
240 270 32459
241 272 32144
242 268 33073
243 270 32668
244 270 32574
245 272 32256
246 275 31897
247 280 31424
248 273 32120
249 277 31745
250 275 32265
251 276 32178
252 267 33211
253 272 32488
254 275 32131
255 278 31919
256 280 31646
257 280 31558
258 273 32095
259 279 31575
260 269 32505
261 276 32158
262 267 33170
263 268 33015
264 269 32775
265 269 32681
266 264 33125
267 267 32838
268 267 32802
269 269 32646
270 263 33152
271 267 32776
272 269 32654
273 269 32554
274 276 32429
275 271 32892
276 272 32727
277 267 33322
278 267 33288
279 267 33254
280 268 33096
281 265 33331
282 271 32560
283 272 32400
284 280 31570
285 278 31736
286 279 31627
287 276 31792
288 280 31387
289 285 31035
290 286 30901
291 290 30382
292 294 29891
293 284 30880
294 293 30370
295 297 30035
296 298 29825
297 296 29996
298 296 29968
299 289 30532
300 289 30459
301 277 31712
302 283 31124
303 285 30835
304 285 30825
305 281 31273
306 282 31293
307 289 30464
308 291 30205
309 280 31385
310 290 30562
311 280 31601
312 288 30627
313 280 31412
314 285 30853
315 277 31686
316 282 31237
317 275 31908
318 276 31829
319 270 32385
320 271 32450
321 262 33361
322 268 32756
323 269 32521
324 272 32404
325 275 32039
326 277 31868
327 278 31749
328 278 31747
329 279 31630
330 279 31580
331 272 32110
332 276 31860
333 279 31611
334 283 31070
335 273 32004
336 276 31980
337 279 31731
338 281 31404
339 280 31429
340 282 31523
341 270 32701
342 274 32186
343 268 32861
344 270 32446
345 271 32256
346 274 32253
347 270 32582
348 270 32487
349 277 31730
350 279 31660
351 273 32085
352 276 31759
353 278 32182
354 281 31801
355 281 31717
356 273 32401
357 275 32185
358 272 32466
359 272 32382
360 272 32299
361 274 32022
362 278 31661
363 278 31654
364 274 31929
365 275 33015
366 279 32698
367 273 33127
368 273 33096
369 275 32887
370 271 33272
371 273 32996
372 263 34054
373 269 33392
374 266 33683
375 270 33081
376 263 33767
377 264 33637
378 258 34212
379 262 33720
380 259 33945
381 260 33735
382 259 33779
383 261 33492
384 263 33258
385 264 33132
386 264 33082
387 266 32866
388 262 33705
389 262 33614
390 263 33440
391 266 33147
392 261 33561
393 263 33316
394 267 32943
395 269 32623
396 266 32909
397 268 32658
398 264 33768
399 267 33490
400 260 34045
401 260 33971
402 263 33605
403 266 33313
404 262 33588
405 262 33503
406 262 33421
407 266 33014
408 259 33601
409 262 33191
410 263 33537
411 263 33479
412 266 33191
413 257 34044
414 261 33559
415 262 33412
416 263 33238
417 271 32300
418 273 32023
419 269 32477
420 270 32731
421 264 33336
422 267 33044
423 259 33722
424 259 33635
425 262 33213
426 265 33202
427 265 33187
428 268 32868
429 269 32634
430 270 32376
431 265 33027
432 271 32227
433 274 32058
434 276 31813
435 278 31673
436 282 31148
437 274 31906
438 276 32015
439 271 32465
440 273 32175
441 266 33013
442 268 32762
443 272 32137
444 274 32075
445 276 31819
446 280 31414
447 280 31515
448 284 30925
449 287 30581
450 289 30635
451 286 30903
452 287 30752
453 288 30595
454 292 30034
455 284 31270
456 289 30653
457 282 31358
458 290 30435
459 278 31742
460 281 31363
461 285 30818
462 292 30040
463 298 30483
464 295 30685
465 295 30641
466 288 31300
467 288 31198
468 285 31413
469 291 30744
470 291 30701
471 293 30467
472 290 30725
473 297 30047
474 287 30911
475 291 30397
476 289 30542
477 290 30376
478 288 30537
479 289 30617
480 284 31104
481 286 30835
482 280 31453
483 284 30871
484 285 30815
485 285 30779
486 290 30199
487 280 31942
488 284 31365
489 282 31532
490 284 31265
491 292 31141
492 290 31335
493 292 30965
494 292 30895
495 293 30730
496 286 31587
497 292 30983
498 293 30805
499 295 30620
500 288 31424
501 293 30769
502 294 30685
503 297 30420
504 289 31257
505 290 31219
506 288 31351
507 290 31483
508 290 31399
509 290 31300
510 291 31104
511 298 30219
512 299 30080
513 304 30066
514 310 29383
515 310 29302
516 310 29224
517 311 29034
518 313 28830
519 316 28776
520 321 28153
521 324 27874
522 318 28461
523 319 28301
524 314 28778
525 314 28707
526 309 29384
527 315 28773
528 311 29049
529 313 28829
530 311 29074
531 313 28852
532 302 29974
533 310 29169
534 301 29980
535 312 28932
536 307 29348
537 315 28678
538 308 29270
539 322 27888
540 319 28105
541 326 27501
542 324 27741
543 325 27561
544 324 27888
545 327 27449
546 322 27981
547 325 27612
548 318 28295
549 327 27284
550 319 28514
551 322 28198
552 315 28834
553 322 28075
554 324 27848
555 325 27671
556 326 27457
557 327 27290
558 321 28009
559 324 27732
560 313 28792
561 326 27471
562 317 28346
563 321 28067
564 310 29109
565 320 28075
566 320 28033
567 321 27998
568 324 27711
569 329 27055
570 330 27169
571 333 26907
572 325 27585
573 328 27140
574 334 26741
575 340 26118
576 332 27145
577 333 27008
578 327 27454
579 327 27370
580 324 27692
581 324 27673
582 321 27893
583 324 28084
584 316 28878
585 320 28397
586 311 29220
587 312 29113
588 314 28888
589 315 28677
590 310 29037
591 318 28459
592 312 29039
593 313 28928
594 308 29318
595 312 28928
596 312 28916
597 316 28512
598 314 28656
599 316 28603
600 308 29331
601 311 28973
602 312 28864
603 316 28458
604 319 28262
605 320 28123
606 309 29128
607 312 28853
608 315 28691
609 317 28396
610 324 27760
611 325 27590
612 322 27867
613 324 27763
614 319 28135
615 320 28013
616 308 29253
617 309 29085
618 307 29380
619 319 28245
620 320 28085
621 320 28045
622 319 28263
623 320 28115
624 312 28913
625 315 28559
626 306 29503
627 308 29323
628 310 29066
629 311 28885
630 313 29295
631 317 28765
632 310 29345
633 314 28917
634 307 29484
635 307 29408
636 308 29288
637 312 28908
638 313 28773
639 316 28551
640 308 29292
641 310 29040
642 308 29309
643 309 29141
644 302 30266
645 304 30066
646 303 30124
647 311 29280
648 302 30076
649 303 30012
650 309 29348
651 309 29285
652 306 29560
653 307 29441
654 308 29309
655 308 29291
656 302 29817
657 304 29614
658 307 29399
659 312 28888
660 314 28676
661 319 28191
662 311 28913
663 313 29009
664 311 29062
665 312 28939
666 310 29076
667 312 28852
668 314 28630
669 316 28675
670 307 29476
671 314 28762
672 305 29523
673 310 29154
674 311 28976
675 312 28861
676 310 28984
677 316 28706
678 308 29440
679 311 29077
680 317 28439
681 319 28123
682 311 29100
683 317 28466
684 309 29129
685 317 28311
686 319 28202
687 320 28057
688 315 28522
689 318 28409
690 312 29001
691 314 28778
692 309 29120
693 311 28866
694 305 29756
695 313 28917
696 304 29671
697 310 28999
698 312 28924
699 313 28794
700 303 29982
701 309 29315
702 300 30116
703 302 29847
704 308 29284
705 309 29112
706 304 29580
707 310 29046
708 304 29581
709 306 29404
710 303 29701
711 306 29677
712 300 30193
713 301 30043
714 296 30547
715 305 29584
716 300 29935
717 301 29967
718 299 30143
719 299 30113
720 296 30412
721 299 30114
722 301 29870
723 302 30152
724 296 30771
725 307 29617
726 308 29476
727 308 29472
728 305 29718
729 306 29536
730 295 30669
731 302 29789
732 305 29494
733 307 29401
734 310 29029
735 312 29182
736 313 29043
737 315 28736
738 302 29872
739 304 29684
740 305 29503
741 313 28851
742 311 28900
743 313 29343
744 303 30220
745 305 29994
746 304 29998
747 304 29937
748 301 30142
749 302 30000
750 295 30763
751 297 30424
752 301 29968
753 301 29939
754 300 29975
755 302 29824
756 297 30345
757 299 30077
758 292 30748
759 300 30042
760 302 29773
761 310 28975
762 299 30165
763 305 29544
764 303 30180
765 305 29947
766 300 30286
767 301 30149
768 298 30386
769 298 30293
770 289 31326
771 296 30512
772 298 30175
773 299 30051
774 290 31444
775 297 30596
776 290 31319
777 292 30947
778 286 31561
779 288 31304
780 287 32040
781 293 31457
782 291 31515
783 294 31135
784 288 31781
785 290 31523
786 285 31944
787 285 31939
788 287 31788
789 289 31888
790 291 31582
791 278 32694
792 281 32247
793 289 31961
794 289 31923
795 291 31618
796 291 31514
797 296 30947
798 298 30814
799 295 31039
800 304 30183
801 299 30864
802 305 30240
803 306 30095
804 306 30057
805 310 29610
806 312 29294
807 309 29845
808 313 29332
809 302 30361
810 312 29364
811 301 30328
812 307 29941
813 295 31133
814 300 30480
815 301 30312
816 307 29895
817 307 29835
818 305 29956
819 308 29744
820 312 29236
821 317 29202
822 320 29030
823 314 29464
824 328 28045
825 321 28766
826 326 28114
827 327 28007
828 328 27808
829 322 28403
830 325 28008
831 320 28705
832 330 27577
833 328 27731
834 329 27557
835 333 27307
836 337 26748
837 343 25982
838 344 26099
839 341 26337
840 343 26003
841 336 27070
842 343 26169
843 340 26467
844 341 26314
845 333 27214
846 344 25981
847 340 26348
848 341 26193
849 334 27118
850 336 26794
851 331 27410
852 333 27209
853 331 27438
854 333 27223
855 318 28708
856 322 28355
857 328 27790
858 333 27230
859 334 27165
860 336 26802
861 331 27415
862 336 26817
863 331 27420
864 334 27115
865 328 27644
866 333 27579
867 334 27409
868 336 27086
869 330 27683
870 335 27153
871 328 27797
872 330 27519
873 316 28864
874 329 27531
875 326 27966
876 329 27598
877 322 28310
878 332 27289
879 333 27495
880 337 26951
881 330 27673
882 331 27514
883 316 28940
884 322 28384
885 324 28102
886 326 28210
887 320 28860
888 324 28415
889 316 29019
890 322 28466
891 317 28778
892 321 28477
893 324 28279
894 328 27711
895 324 28114
896 326 27975
897 321 28492
898 323 28297
899 316 28803
900 320 28848
901 311 29654
902 325 28259
903 317 28883
904 318 28760
905 315 29007
906 316 28883
907 312 29210
908 322 28402
909 312 29219
910 317 28816
911 321 28510
912 326 28117
913 319 28796
914 323 28403
915 314 29183
916 315 29023
917 310 29557
918 312 29262
919 308 29770
920 318 28640
921 321 28434
922 327 27871
923 318 28681
924 323 28253
925 316 28817
926 318 28794
927 313 29263
928 322 28395
929 307 29779
930 318 28709
931 305 30050
932 310 29491
933 302 30405
934 305 30157
935 299 30615
936 299 30550
937 296 31099
938 299 30641
939 302 30254
940 306 29934
941 300 30396
942 305 30197
943 307 29939
944 308 29804
945 302 30282
946 307 29852
947 296 30910
948 297 30872
949 303 30189
950 306 29877
951 308 29780
952 311 29441
953 315 28908
954 318 28837
955 307 29971
956 309 29664
957 299 30559
958 311 29622
959 307 29991
960 308 29841
961 299 30619
962 312 29248
963 308 29771
964 309 29597
965 310 29455
966 312 29337
967 305 30004
968 312 29427
969 312 29315
970 316 28822
971 320 28585
972 323 28254
973 315 28878
974 321 28525
975 326 28009
976 327 27780
977 330 27626
978 336 26940
979 336 26874
980 341 26200
981 336 26868
982 341 26195
983 338 26663
984 341 26236
985 333 27421
986 335 27117
987 336 26901
988 340 26394
989 339 26409
990 342 26220
991 347 25544
992 353 24878
993 347 25543
994 364 23972
995 381 22226
996 397 21131
997 404 20592
998 433 17773
999 476 13375
1000 262 34286
1 266 34157
2 276 33000
3 267 33898
4 273 33386
5 269 33756
6 271 33488
7 271 33468
8 267 33895
9 278 33078
10 272 33495
11 275 33185
12 271 33462
13 274 33150
14 275 32970
15 280 33038
16 283 32735
17 275 33323
18 279 32909
19 274 33245
20 274 33153
21 275 32975
22 283 32432
23 272 33249
24 283 32545
25 271 33509
26 271 33478
27 274 33170
28 275 32982
29 274 33302
30 276 32985
31 265 34063
32 267 33869
33 277 32868
34 278 32831
35 274 33108
36 275 33192
37 266 34112
38 272 33309
39 273 33186
40 273 33172
41 279 32652
42 282 32484
43 274 33075
44 278 33034
45 278 33023
46 281 32796
47 285 32289
48 288 31923
49 288 31839
50 287 31916
51 279 32647
52 293 31454
53 282 32448
54 284 32415
55 281 32726
56 283 32489
57 268 33803
58 274 33096
59 279 32819
60 279 32736
61 281 32564
62 285 32042
63 284 32399
64 284 32307
65 279 32708
66 283 32324
67 281 32840
68 286 32239
69 283 32514
70 283 32462
71 284 32220
72 287 31835
73 283 32510
74 285 32179
75 279 32754
76 288 31743
77 280 32655
78 287 31870
79 278 33029
80 283 32580
81 274 33249
82 279 32753
83 268 33733
84 275 33508
85 276 33272
86 280 32952
87 275 33297
88 277 33027
89 274 33291
90 275 33116
91 267 33861
92 268 33994
93 259 34676
94 259 34624
95 267 33941
96 271 33373
97 268 33697
98 272 33398
99 272 33318
100 272 33225
101 267 33935
102 268 33726
103 275 33105
104 279 32694
105 282 32719
106 284 32393
107 288 31869
108 288 31786
109 278 32773
110 280 32584
111 282 32545
112 282 32469
113 269 33681
114 273 33154
115 280 32576
116 283 32465
117 274 33141
118 277 32790
119 279 32636
120 282 32889
121 282 32817
122 287 32197
123 289 31911
124 290 31790
125 288 31930
126 294 31362
127 289 31702
128 289 31663
129 294 31229
130 296 31168
131 280 32678
132 280 32636
133 282 32408
134 281 32699
135 282 32545
136 287 31920
137 279 32660
138 286 32064
139 283 32323
140 286 32461
141 289 32030
142 293 31753
143 284 32493
144 292 31693
145 293 31607
146 295 31305
147 293 31541
148 295 31235
149 292 31550
150 295 31174
151 280 32622
152 282 32403
153 283 32530
154 285 32200
155 275 33091
156 276 32854
157 280 32657
158 282 32647
159 284 32322
160 286 32042
161 286 31947
162 288 31974
163 282 32585
164 295 31208
165 284 32209
166 289 31597
167 276 32984
168 278 32860
169 291 31586
170 291 31575
171 286 32008
172 288 31951
173 291 31671
174 292 31606
175 282 32535
176 290 31611
177 281 32578
178 282 32417
179 271 33436
180 276 32888
181 272 33182
182 281 32832
183 271 33616
184 276 33072
185 277 32964
186 283 32486
187 276 32927
188 279 32671
189 283 32430
190 294 31261
191 283 32307
192 293 31382
193 282 32897
194 284 32570
195 278 33105
196 279 32977
197 273 33408
198 276 33065
199 280 32745
200 282 32509
201 282 32449
202 284 32116
203 278 32755
204 282 32535
205 282 32466
206 284 32143
207 272 33283
208 278 32743
209 268 33842
210 270 33545
211 263 34164
212 267 33780
213 272 33871
214 275 33563
215 279 33154
216 280 33014
217 286 32346
218 276 33116
219 283 32536
220 272 33351
221 273 33221
222 281 32595
223 286 31995
224 276 33159
225 277 33057
226 279 32900
227 282 32571
228 279 32755
229 280 32616
230 277 32780
231 279 32624
232 274 33022
233 280 32557
234 282 32332
235 285 32035
236 285 32028
237 287 31836
238 293 31355
239 296 31049
240 296 30966
241 298 31024
242 300 30778
243 294 31388
244 297 31044
245 299 30823
246 299 30776
247 301 30531
248 304 30238
249 292 31571
250 292 31523
251 284 32127
252 285 31942
253 280 32871
254 283 32497
255 283 32430
256 284 32298
257 284 32221
258 286 31935
259 289 31699
260 292 31414
261 293 31503
262 296 31090
263 299 30818
264 303 30361
265 296 31046
266 299 30728
267 295 31520
268 301 30881
269 308 30116
270 308 30078
271 300 30828
272 307 30081
273 304 30260
274 310 29661
275 297 30910
276 303 30284
277 295 31131
278 300 30684
279 295 31135
280 298 30765
281 301 30957
282 303 30663
283 294 31511
284 298 31004
285 294 31408
286 296 31074
287 293 31426
288 297 30981
289 303 30342
290 312 29507
291 299 30743
292 308 29819
293 301 30714
294 302 30585
295 308 29898
296 310 29657
297 303 30296
298 306 30032
299 301 30489
300 304 30468
301 295 31312
302 300 30775
303 296 31096
304 299 30819
305 299 30783
306 302 30483
307 299 30860
308 304 30237
309 295 31097
310 300 30706
311 307 29965
312 314 29340
313 302 30749
314 303 30539
315 307 30026
316 307 29953
317 300 30580
318 305 30099
319 294 31247
320 297 31078
321 293 31476
322 303 30407
323 295 31072
324 299 30756
325 302 30446
326 305 30104
327 299 30749
328 301 30504
329 294 31397
330 297 31038
331 300 30703
332 303 30390
333 293 31321
334 295 31220
335 286 31936
336 289 31690
337 285 31941
338 294 31301
339 281 32417
340 289 31638
341 286 31903
342 288 31741
343 290 31546
344 292 31464
345 290 31577
346 299 30761
347 294 31236
348 298 30946
349 290 31671
350 293 31397
351 289 31661
352 290 31682
353 285 32036
354 288 31799
355 282 32330
356 285 32032
357 287 31794
358 287 31763
359 288 31791
360 288 31764
361 286 31856
362 290 31557
363 285 32011
364 285 31956
365 277 32657
366 280 32459
367 273 33035
368 275 32727
369 263 34036
370 272 33097
371 266 33810
372 270 33345
373 281 32557
374 273 33142
375 275 32865
376 283 32218
377 276 32711
378 277 32672
379 268 33519
380 264 33932
381 258 34483
382 261 34402
383 261 34342
384 261 34293
385 261 34236
386 264 33954
387 265 33874
388 266 33858
389 268 33597
390 271 33283
391 271 33216
392 276 32684
393 271 33657
394 271 33619
395 263 34371
396 268 33859
397 261 34361
398 262 34262
399 263 34138
400 265 33949
401 265 33911
402 267 33653
403 270 33509
404 270 33454
405 262 34169
406 266 33808
407 266 33747
408 269 33487
409 269 33401
410 274 33045
411 278 32705
412 281 32431
413 282 32324
414 283 32247
415 283 32156
416 286 32006
417 279 32666
418 281 32462
419 283 32198
420 283 32133
421 287 31897
422 287 31868
423 291 31580
424 299 30719
425 290 31543
426 292 31583
427 295 31182
428 295 31107
429 292 31497
430 296 30946
431 288 31698
432 295 31474
433 296 31260
434 299 31002
435 300 30848
436 302 30676
437 294 31405
438 298 30910
439 300 30660
440 301 30555
441 304 30410
442 308 30013
443 305 30206
444 308 29969
445 304 30259
446 305 30092
447 302 30482
448 309 29682
449 302 30840
450 303 30633
451 304 30376
452 307 30047
453 301 30585
454 307 29878
455 301 30868
456 305 30334
457 299 30976
458 306 30223
459 299 30895
460 301 30648
461 303 30360
462 306 30270
463 298 31006
464 302 30610
465 304 30244
466 304 30179
467 299 30669
468 303 30425
469 291 31542
470 297 30904
471 300 30560
472 304 30324
473 298 30886
474 298 30816
475 298 30744
476 304 30196
477 298 30734
478 300 30772
479 294 31391
480 299 30830
481 291 31599
482 296 30980
483 292 31401
484 299 30903
485 291 31669
486 293 31433
487 280 32549
488 284 32100
489 271 33146
490 277 32655
491 273 33134
492 279 32650
493 270 33391
494 275 32735
495 266 33895
496 271 33289
497 275 32785
498 276 32695
499 277 32657
500 281 32347
501 277 32662
502 285 32017
503 271 33229
504 275 32723
505 282 32366
506 286 31939
507 287 31777
508 290 31529
509 286 31892
510 286 31832
511 281 32347
512 283 32335
513 279 32661
514 281 32456
515 282 32341
516 284 32037
517 293 31334
518 293 31298
519 294 31267
520 294 31232
521 294 31203
522 286 31926
523 288 31791
524 278 32629
525 287 31767
526 284 32018
527 285 32014
528 283 32176
529 283 32114
530 276 32700
531 277 32665
532 279 32506
533 281 32397
534 277 32671
535 280 32455
536 282 32386
537 284 32083
538 287 32074
539 283 32407
540 285 32161
541 278 32782
542 279 32675
543 272 33183
544 280 32494
545 282 32269
546 277 32704
547 271 33190
548 282 32244
549 277 32832
550 277 32825
551 272 33229
552 272 33156
553 267 33644
554 275 32873
555 275 32818
556 275 32766
557 267 33640
558 275 32813
559 271 33216
560 271 33171
561 265 33898
562 269 33703
563 259 34621
564 263 34148
565 248 35360
566 252 34989
567 243 35683
568 244 35733
569 240 36144
570 247 35867
571 248 35723
572 250 35531
573 255 34804
574 258 34687
575 253 35140
576 255 34785
577 258 34607
578 264 33921
579 267 33717
580 271 33622
581 272 33438
582 272 33371
583 265 33932
584 268 33694
585 262 34131
586 264 33960
587 261 34280
588 266 33833
589 268 33697
590 270 33382
591 266 34103
592 271 33634
593 262 34392
594 267 33918
595 268 33809
596 271 33432
597 263 34034
598 267 34129
599 256 35020
600 261 34564
601 262 34361
602 253 35216
603 254 35013
604 256 34696
605 258 34502
606 259 34549
607 252 35187
608 255 35043
609 252 35328
610 256 34797
611 250 35499
612 251 35288
613 249 35934
614 251 35623
615 253 35333
616 253 35254
617 250 35533
618 250 35445
619 252 35296
620 253 35113
621 256 34675
622 261 34795
623 254 35381
624 255 35160
625 258 34815
626 263 34195
627 265 33937
628 266 33831
629 261 34279
630 264 34130
631 255 34990
632 259 34607
633 258 34616
634 259 34501
635 255 34774
636 258 34830
637 253 35273
638 254 35072
639 244 36059
640 248 35737
641 249 35666
642 249 35606
643 247 35745
644 250 36023
645 250 35923
646 250 35827
647 252 35464
648 253 35283
649 250 35580
650 250 35489
651 247 35750
652 252 35201
653 249 35571
654 250 35666
655 250 35572
656 261 34302
657 263 34374
658 260 34673
659 262 34335
660 257 34801
661 259 34625
662 261 34375
663 258 34553
664 262 34324
665 251 35431
666 255 34871
667 256 34697
668 258 34512
669 252 35343
670 254 35056
671 255 34833
672 255 34752
673 254 35035
674 255 34813
675 253 35348
676 254 35151
677 255 34932
678 255 34851
679 256 34670
680 260 34567
681 253 35151
682 255 34800
683 248 35865
684 249 35696
685 250 35511
686 250 35418
687 252 35423
688 253 35249
689 253 35159
690 253 35070
691 248 36108
692 250 35756
693 250 35664
694 250 35568
695 251 35349
696 251 35316
697 252 35128
698 259 34817
699 250 35730
700 251 35513
701 253 35222
702 255 34872
703 260 34386
704 263 34095
705 264 33927
706 267 33710
707 269 33937
708 270 33742
709 258 34842
710 262 34378
711 265 34015
712 268 33782
713 270 33465
714 271 33385
715 275 32979
716 278 32600
717 277 32834
718 278 32674
719 286 32248
720 286 32221
721 279 32759
722 282 32496
723 278 32753
724 284 32119
725 289 31509
726 290 31976
727 287 32268
728 287 32173
729 282 32539
730 282 32470
731 282 32387
732 282 32301
733 284 32208
734 284 32158
735 284 32106
736 288 31628
737 289 31795
738 289 31699
739 289 31597
740 289 31502
741 280 32837
742 282 32617
743 289 31791
744 292 31319
745 289 31599
746 294 30939
747 295 30939
748 300 30347
749 295 30945
750 296 30886
751 299 30617
752 300 30446
753 295 30952
754 299 30434
755 293 31138
756 293 31092
757 294 31223
758 295 31087
759 288 31794
760 288 31695
761 286 31919
762 287 31942
763 287 31851
764 291 31550
765 286 32101
766 289 31644
767 281 32443
768 285 32065
769 281 32411
770 288 31768
771 279 32545
772 284 32077
773 288 31780
774 288 31699
775 276 32822
776 279 32558
777 272 33211
778 275 33086
779 269 33573
780 270 33372
781 269 33469
782 271 33353
783 267 33673
784 270 33601
785 258 34690
786 267 33802
787 268 33695
788 258 34498
789 261 34567
790 262 34366
791 254 35101
792 255 34889
793 245 35959
794 246 35864
795 253 35024
796 256 34693
797 260 34368
798 263 34110
799 252 35169
800 262 34208
801 257 34664
802 258 34529
803 252 35572
804 258 34875
805 250 35689
806 251 35467
807 252 35278
808 254 34992
809 255 34776
810 256 34876
811 258 34690
812 258 34602
813 260 34380
814 262 34196
815 262 34110
816 264 33925
817 270 33353
818 273 33764
819 263 34598
820 264 34408
821 265 34316
822 266 34207
823 269 33915
824 269 33833
825 272 33449
826 274 33227
827 264 34005
828 268 33756
829 271 33386
830 271 33331
831 274 33209
832 274 33114
833 271 33311
834 272 33249
835 276 33119
836 277 32949
837 278 32802
838 279 32589
839 276 32905
840 280 32451
841 275 32942
842 279 32685
843 274 33170
844 276 32898
845 281 32388
846 282 32326
847 279 32475
848 281 32486
849 273 33169
850 278 32638
851 276 33065
852 277 32902
853 278 32726
854 281 32449
855 275 32982
856 278 32588
857 276 33262
858 277 33112
859 274 33373
860 275 33228
861 278 32834
862 278 32738
863 278 32647
864 278 32557
865 269 34087
866 273 33654
867 277 33264
868 277 33251
869 277 33257
870 277 33242
871 285 32536
872 289 31997
873 289 31899
874 292 31429
875 294 31140
876 288 31733
877 288 31648
878 282 32198
879 287 31884
880 283 32137
881 288 31726
882 281 32368
883 282 32399
884 277 32796
885 281 32450
886 285 32062
887 285 32060
888 279 32505
889 285 32016
890 287 31750
891 290 31489
892 284 32044
893 285 32033
894 280 32430
895 285 32005
896 272 33130
897 284 32064
898 286 31994
899 290 31496
900 285 32040
901 286 31916
902 286 31880
903 287 31916
904 283 32161
905 283 32090
906 282 32368
907 282 32293
908 272 33132
909 280 32624
910 283 32281
911 286 31996
912 282 32306
913 285 32016
914 287 31751
915 291 32163
916 298 31568
917 299 31513
918 301 31291
919 305 30860
920 295 31830
921 299 31432
922 291 32217
923 294 31956
924 294 31891
925 306 30885
926 309 30551
927 314 30403
928 310 30843
929 313 30368
930 309 30891
931 309 30816
932 311 30424
933 313 30123
934 309 30652
935 312 30089
936 296 31652
937 306 31138
938 300 31689
939 302 31392
940 294 32057
941 297 31760
942 297 31742
943 304 31061
944 306 30931
945 303 31158
946 295 31833
947 295 31777
948 296 31831
949 299 31518
950 303 31117
951 304 30982
952 307 30724
953 308 30702
954 308 30631
955 311 30526
956 315 30080
957 303 31264
958 302 31260
959 303 31120
960 308 30629
961 310 30457
962 314 29926
963 319 29457
964 322 29127
965 316 29837
966 321 29301
967 322 29029
968 327 28796
969 329 28572
970 330 28356
971 324 28943
972 328 28491
973 340 27194
974 344 26720
975 348 26445
976 348 26423
977 346 26614
978 352 26197
979 343 26945
980 348 26497
981 354 25955
982 355 25956
983 344 26830
984 346 26656
985 354 25900
986 361 25439
987 364 25103
988 366 25057
989 364 25157
990 366 25189
991 369 24816
992 374 24171
993 368 24847
994 385 23007
995 388 22839
996 401 21610
997 423 19143
998 434 18044
999 489 12684
1000 276 33560
1 234 36479
2 244 35148
3 250 34859
4 239 36195
5 241 35814
6 242 35667
7 244 35368
8 246 35046
9 239 35928
10 241 35549
11 244 35406
12 245 35226
13 242 35580
14 245 35139
15 247 34789
16 242 35588
17 245 35148
18 246 34940
19 249 34503
20 251 34333
21 255 33872
22 256 33666
23 252 34378
24 250 34516
25 247 34772
26 256 33901
27 257 33718
28 254 33999
29 256 34320
30 260 33817
31 260 33739
32 258 33863
33 258 33824
34 260 33594
35 253 34281
36 254 34145
37 260 33381
38 252 34206
39 256 34200
40 259 33819
41 257 33959
42 257 33879
43 261 33384
44 262 33257
45 262 33238
46 255 33950
47 256 33741
48 250 34749
49 252 34431
50 255 34051
51 255 34039
52 256 33838
53 257 33661
54 263 32974
55 258 34966
56 262 34594
57 260 34705
58 263 34351
59 263 34266
60 267 33584
61 261 34271
62 265 33750
63 260 34209
64 263 33861
65 252 34945
66 257 34299
67 257 34219
68 258 34008
69 261 33690
70 256 34103
71 256 34006
72 246 35125
73 249 34687
74 246 34978
75 248 34730
76 237 36077
77 244 35231
78 239 35847
79 240 36489
80 241 36295
81 244 35861
82 241 36185
83 246 35476
84 250 34921
85 241 35983
86 243 35658
87 246 35185
88 247 34989
89 242 35604
90 246 35034
91 234 36494
92 237 36095
93 240 35726
94 244 35172
95 248 34738
96 252 34526
97 243 35570
98 252 34365
99 242 35574
100 243 35392
101 246 34916
102 248 34678
103 249 34805
104 251 34525
105 253 34230
106 254 34103
107 255 33930
108 261 33228
109 267 32364
110 274 31458
111 259 33372
112 268 32456
113 259 33533
114 270 32070
115 256 33711
116 263 33288
117 256 33894
118 257 33715
119 257 33634
120 253 34313
121 258 33699
122 251 34515
123 252 34359
124 253 34138
125 246 34949
126 247 34750
127 249 35257
128 253 34685
129 246 35495
130 252 34723
131 257 34077
132 250 34791
133 251 34633
134 253 34333
135 255 34125
136 249 34741
137 247 34882
138 248 34744
139 249 34508
140 245 35142
141 248 34741
142 245 35027
143 247 34907
144 249 34577
145 252 34364
146 249 34618
147 250 34404
148 253 34098
149 255 33873
150 252 34160
151 256 33880
152 260 33378
153 261 33211
154 266 32778
155 254 34079
156 259 33440
157 261 33161
158 262 33223
159 263 33055
160 265 32718
161 271 32145
162 275 31473
163 277 31251
164 273 31654
165 277 31114
166 270 31983
167 271 32010
168 260 33357
169 266 32588
170 259 33548
171 261 33273
172 262 33147
173 262 33125
174 262 33102
175 264 33095
176 265 32918
177 266 32677
178 272 31715
179 262 33105
180 268 32337
181 272 31690
182 265 33164
183 269 32414
184 265 33003
185 265 32931
186 267 32527
187 267 32431
188 269 32332
189 270 32175
190 266 32713
191 272 31755
192 264 32900
193 271 31774
194 274 31445
195 275 31182
196 269 32099
197 275 31178
198 269 32108
199 272 31642
200 264 33385
201 267 32852
202 265 33106
203 271 32116
204 259 33594
205 267 32536
206 260 33296
207 262 33089
208 266 32499
209 262 33273
210 264 33012
211 260 33361
212 263 33007
213 263 32921
214 262 33653
215 266 33066
216 267 32812
217 264 33210
218 266 32863
219 268 32448
220 273 31651
221 274 31445
222 280 30629
223 275 31269
224 277 31032
225 274 31312
226 276 31126
227 271 31744
228 276 31148
229 271 31763
230 275 31415
231 271 31929
232 275 31253
233 270 31946
234 271 31734
235 268 32380
236 272 31768
237 271 31844
238 275 31168
239 287 32125
240 288 31927
241 293 31497
242 296 31045
243 297 30883
244 299 30970
245 300 30888
246 300 30887
247 302 30680
248 296 31158
249 297 30997
250 286 32167
251 288 31889
252 293 31427
253 296 31108
254 297 30922
255 300 30861
256 293 31586
257 296 31127
258 297 30967
259 297 30886
260 287 32304
261 296 31190
262 288 32045
263 290 31686
264 295 31121
265 300 30612
266 305 30208
267 305 30173
268 294 31214
269 296 31239
270 300 30837
271 304 30410
272 306 30152
273 306 30104
274 302 30479
275 309 29649
276 311 29867
277 315 29374
278 310 29851
279 313 29510
280 306 30204
281 308 29918
282 308 29825
283 309 29785
284 310 29548
285 316 29372
286 321 28848
287 322 28708
288 315 29249
289 321 28666
290 312 29483
291 324 28303
292 317 29172
293 320 28823
294 314 29322
295 316 29054
296 317 28919
297 319 28730
298 315 29278
299 318 29077
300 320 28752
301 320 28648
302 321 28837
303 325 28445
304 331 27764
305 331 27683
306 318 28912
307 327 27960
308 319 28716
309 324 28404
310 319 28803
311 321 28499
312 317 29098
313 320 28744
314 316 29034
315 316 28959
316 305 30163
317 310 29596
318 306 30023
319 311 29820
320 312 29646
321 312 29571
322 307 30076
323 310 29635
324 305 30135
325 308 29796
326 310 29598
327 317 28901
328 320 28798
329 322 28533
330 316 28990
331 320 28703
332 315 29048
333 319 28984
334 314 29329
335 317 28996
336 310 29642
337 311 29550
338 313 29267
339 321 28563
340 307 29951
341 319 29030
342 313 29451
343 314 29300
344 311 29565
345 312 29393
346 303 30430
347 304 30307
348 312 29402
349 310 29796
350 311 29698
351 312 29533
352 309 29759
353 311 29510
354 309 29755
355 310 29554
356 312 29617
357 312 29537
358 305 30186
359 308 29845
360 302 30638
361 312 29505
362 309 29738
363 309 29658
364 303 30333
365 305 30231
366 301 30664
367 301 30648
368 295 31177
369 296 31012
370 291 31542
371 293 31632
372 291 31770
373 295 31280
374 287 32153
375 293 31426
376 293 31356
377 295 31147
378 297 30882
379 304 30550
380 298 31058
381 306 30293
382 303 30540
383 309 29872
384 299 30817
385 304 30312
386 297 30912
387 303 30502
388 297 31029
389 297 30958
390 293 31365
391 295 31570
392 288 32314
393 297 31225
394 286 32396
395 292 31692
396 280 32789
397 281 32593
398 286 32129
399 291 31778
400 286 32309
401 288 32032
402 292 31524
403 295 31105
404 290 31578
405 294 31729
406 289 32166
407 291 31929
408 286 32465
409 288 32175
410 277 33053
411 280 32798
412 271 33620
413 277 32923
414 281 32559
415 285 32170
416 282 32497
417 277 32850
418 288 31871
419 291 31828
420 286 32360
421 288 32084
422 290 31734
423 291 31621
424 292 31491
425 293 31335
426 295 31300
427 296 31128
428 293 31455
429 294 31189
430 279 33246
431 290 32101
432 284 32650
433 292 31802
434 286 32400
435 290 31849
436 285 32375
437 289 31864
438 284 32288
439 297 30862
440 291 31687
441 295 31207
442 290 31668
443 292 31452
444 288 31956
445 290 31610
446 293 31435
447 296 30960
448 298 30789
449 300 30656
450 298 30811
451 303 30309
452 302 30486
453 303 30431
454 304 30306
455 305 30126
456 307 29952
457 309 29750
458 310 29555
459 313 29219
460 314 29351
461 316 29071
462 317 28935
463 319 28754
464 313 29345
465 315 29014
466 310 29644
467 312 29425
468 304 30191
469 306 30219
470 304 30365
471 306 30106
472 307 29990
473 307 29940
474 309 29987
475 311 29743
476 309 29872
477 313 29374
478 306 30063
479 308 29787
480 305 30129
481 308 29798
482 300 30650
483 303 30338
484 303 30286
485 306 30210
486 307 30101
487 308 29881
488 310 29550
489 314 29139
490 308 29928
491 311 29556
492 312 29375
493 316 29186
494 311 29643
495 314 29286
496 317 28957
497 319 28764
498 309 29778
499 315 29064
500 306 29987
501 310 29594
502 315 29024
503 319 29133
504 318 29190
505 322 28708
506 312 29563
507 319 28857
508 307 29974
509 312 29334
510 313 29355
511 313 29284
512 309 29772
513 310 29541
514 310 29607
515 310 29525
516 304 30236
517 306 29981
518 308 29924
519 309 29714
520 310 29525
521 315 29305
522 317 29123
523 320 28773
524 316 29053
525 319 28762
526 314 29247
527 315 29063
528 307 29917
529 309 30038
530 303 30606
531 305 30355
532 309 29903
533 312 29520
534 299 30773
535 306 30076
536 306 30026
537 306 29972
538 301 30537
539 305 30170
540 301 30604
541 301 30592
542 303 30340
543 305 30088
544 291 31526
545 294 31384
546 289 31818
547 293 31387
548 287 31962
549 292 31478
550 285 32158
551 291 31512
552 287 32047
553 294 31612
554 285 32548
555 293 31701
556 287 32278
557 289 31892
558 280 32709
559 286 32131
560 290 31576
561 292 31610
562 288 31977
563 290 31626
564 290 31556
565 292 31579
566 288 31946
567 290 31584
568 293 31952
569 294 31693
570 284 32646
571 286 32459
572 280 32907
573 282 32671
574 277 33022
575 278 32957
576 273 33456
577 273 33358
578 275 33211
579 275 33179
580 259 34654
581 261 34333
582 263 34382
583 266 34116
584 271 33717
585 272 33583
586 273 33363
587 274 33130
588 276 32879
589 268 33851
590 276 32881
591 263 34356
592 271 33516
593 259 34765
594 273 33732
595 275 33380
596 279 33070
597 270 33935
598 273 33435
599 274 33200
600 275 32998
601 262 34470
602 270 33736
603 272 33417
604 274 33068
605 264 34444
606 267 34071
607 263 34414
608 266 34034
609 258 35512
610 265 34726
611 266 34611
612 268 34369
613 264 34696
614 265 34476
615 256 35395
616 259 35050
617 255 35363
618 257 35121
619 260 34837
620 260 34814
621 246 36166
622 248 35842
623 249 35787
624 256 35045
625 260 34748
626 260 34739
627 256 35055
628 260 34855
629 260 34849
630 257 35061
631 257 34982
632 263 34614
633 263 34566
634 267 34101
635 270 33655
636 273 33151
637 275 33013
638 270 33577
639 272 33527
640 269 33903
641 276 33004
642 273 33272
643 277 32819
644 268 34045
645 271 33597
646 275 33031
647 276 32882
648 278 32710
649 282 32371
650 270 34010
651 272 33692
652 272 33655
653 272 33618
654 274 33266
655 276 33009
656 280 32725
657 284 32189
658 285 32093
659 289 31784
660 280 32656
661 284 32295
662 275 33002
663 284 32135
664 285 32162
665 287 31995
666 282 32363
667 283 32260
668 285 32297
669 286 32199
670 276 32983
671 291 31767
672 288 31950
673 290 31745
674 293 31520
675 296 31077
676 292 31689
677 294 31377
678 282 32365
679 292 31514
680 298 30984
681 298 30979
682 291 31733
683 297 30943
684 289 31774
685 293 31637
686 284 32285
687 292 31592
688 295 31155
689 296 31400
690 280 32882
691 284 32342
692 276 33003
693 282 32452
694 279 32798
695 280 32690
696 272 33361
697 281 32417
698 269 33743
699 275 33133
700 270 33701
701 277 32843
702 275 32900
703 279 32773
704 281 32502
705 283 32225
706 287 32052
707 289 31873
708 292 31552
709 293 31620
710 281 32577
711 281 32486
712 282 32431
713 282 32416
714 283 32311
715 284 32160
716 285 32324
717 286 32229
718 277 32963
719 279 32816
720 283 32359
721 285 32176
722 289 31871
723 291 31708
724 286 32001
725 288 31923
726 278 32712
727 282 32513
728 280 32759
729 284 32212
730 274 33046
731 293 31507
732 272 33332
733 283 32827
734 281 32980
735 282 32793
736 273 33593
737 286 32344
738 288 32174
739 290 31969
740 287 32118
741 289 31926
742 281 32555
743 289 31815
744 292 31496
745 293 31797
746 284 32448
747 286 32250
748 278 32901
749 284 32253
750 276 32914
751 277 32832
752 271 33450
753 276 32837
754 275 33137
755 275 33039
756 277 32842
757 278 32708
758 272 33442
759 276 32920
760 273 33192
761 277 32911
762 269 33829
763 271 33532
764 263 34419
765 270 33581
766 273 33347
767 274 33121
768 275 32912
769 279 32988
770 267 34230
771 268 34061
772 273 33318
773 280 32663
774 277 32791
775 280 32663
776 271 33531
777 271 33469
778 271 33457
779 272 33325
780 268 34090
781 270 33753
782 274 33122
783 276 32867
784 272 33324
785 276 32871
786 271 33451
787 273 33134
788 269 33737
789 271 33431
790 273 33303
791 277 32814
792 277 32771
793 281 32565
794 277 32838
795 287 31924
796 277 32959
797 284 32245
798 286 32056
799 286 31990
800 284 32431
801 287 32164
802 292 31700
803 293 31507
804 290 31740
805 293 31525
806 294 31328
807 295 31142
808 282 32353
809 290 31717
810 291 31887
811 294 31458
812 284 32242
813 287 31976
814 284 32140
815 290 31800
816 282 32352
817 283 32440
818 275 33056
819 281 32497
820 283 32212
821 285 32519
822 275 33328
823 281 32767
824 277 33036
825 277 32997
826 274 33174
827 276 32919
828 265 34141
829 273 33159
830 276 33204
831 283 32567
832 265 34390
833 273 33404
834 268 34009
835 269 33867
836 262 34580
837 265 34114
838 254 35209
839 264 34412
840 252 35505
841 255 35109
842 253 35399
843 256 35041
844 257 35561
845 251 36056
846 256 35521
847 257 35347
848 262 34802
849 264 34464
850 264 34372
851 266 34067
852 267 33920
853 255 35707
854 264 34757
855 264 34662
856 268 34189
857 260 35015
858 270 33848
859 262 34663
860 269 33849
861 269 33848
862 269 33849
863 261 34716
864 268 33883
865 260 34713
866 263 34337
867 258 35094
868 262 34669
869 256 35158
870 264 34280
871 265 34056
872 268 34146
873 269 34006
874 273 33395
875 273 33298
876 273 33202
877 275 33247
878 276 33103
879 265 34322
880 270 33754
881 257 35038
882 268 33873
883 270 33623
884 271 33719
885 274 33410
886 277 32896
887 278 32971
888 278 32963
889 279 32794
890 279 32705
891 284 32417
892 288 31935
893 283 32402
894 285 32108
895 288 32034
896 290 31682
897 280 32667
898 288 31826
899 295 31078
900 302 30442
901 299 30778
902 300 30629
903 295 31017
904 300 30604
905 302 30610
906 303 30405
907 309 29720
908 312 29542
909 300 30600
910 302 30511
911 294 31100
912 299 30849
913 292 31365
914 302 30489
915 304 30138
916 306 29954
917 300 30811
918 309 29874
919 295 31112
920 302 30487
921 295 31003
922 302 30562
923 294 31159
924 296 31025
925 302 30431
926 309 30073
927 306 30255
928 308 30083
929 296 31256
930 303 30537
931 295 31195
932 300 30781
933 295 31177
934 305 30164
935 291 31449
936 305 30024
937 300 30975
938 301 30886
939 301 30821
940 302 30647
941 302 30549
942 302 30456
943 295 31087
944 297 30950
945 300 30691
946 303 30353
947 305 30001
948 307 29941
949 299 30791
950 304 30215
951 306 30021
952 308 29796
953 312 29536
954 314 29283
955 312 29539
956 320 28531
957 308 29948
958 319 28804
959 314 29297
960 317 28863
961 314 29411
962 317 28965
963 320 28560
964 327 28088
965 320 28816
966 323 28575
967 328 28145
968 331 27731
969 326 28200
970 330 27749
971 322 28443
972 328 27937
973 320 28608
974 325 28189
975 319 28698
976 332 27748
977 324 28448
978 328 28026
979 322 28430
980 325 28171
981 331 27596
982 334 27491
983 329 27816
984 338 26935
985 340 26704
986 342 26656
987 347 26034
988 354 25403
989 355 25309
990 358 24959
991 358 25053
992 364 24390
993 367 24051
994 376 23223
995 391 21571
996 397 21029
997 409 19870
998 427 17946
999 478 12998
1000 257 35221
