1 241 34988
2 249 34235
3 255 33757
4 255 33678
5 256 33638
6 258 33363
7 256 33640
8 257 33511
9 258 33370
10 261 33286
11 261 33207
12 262 33066
13 253 34015
14 255 33658
15 257 33517
16 259 33258
17 261 33030
18 263 32932
19 260 33158
20 260 33075
21 263 32923
22 264 32802
23 265 32657
24 266 32630
25 266 32580
26 269 32497
27 271 32342
28 273 32039
29 271 32217
30 278 31395
31 264 32825
32 270 32267
33 270 32217
34 263 32891
35 263 32851
36 264 32808
37 264 32734
38 267 32513
39 266 32585
40 267 32557
41 270 32247
42 273 32586
43 273 32503
44 274 32241
45 274 32142
46 269 32626
47 272 32364
48 272 32338
49 273 32148
50 273 32066
51 266 32689
52 273 31961
53 273 31880
54 277 31505
55 278 31639
56 278 31557
57 278 31476
58 280 31188
59 286 30745
60 290 30214
61 290 30124
62 282 31105
63 286 30721
64 274 31763
65 283 30960
66 275 31721
67 282 31010
68 285 30698
69 286 30714
70 287 30520
71 283 31039
72 286 30752
73 290 30214
74 283 30845
75 289 30553
76 293 29965
77 294 29744
78 297 29311
79 303 28608
80 308 28193
81 308 28105
82 308 28024
83 310 28054
84 311 27794
85 305 28410
86 324 26419
87 316 27139
88 316 27064
89 319 26871
90 332 25680
91 329 25902
92 348 24103
93 351 23774
94 355 23367
95 367 22185
96 380 20761
97 399 18914
98 416 17340
99 466 12373
100 257 33500
1 264 34282
2 275 33146
3 276 32998
4 277 32924
5 278 32707
6 278 32682
7 281 32593
8 283 32411
9 281 32507
10 280 32609
11 281 32419
12 272 33849
13 276 33409
14 288 32336
15 290 32123
16 290 32057
17 284 32468
18 284 32437
19 289 32057
20 291 31786
21 291 31706
22 288 31972
23 291 31629
24 293 31561
25 294 31379
26 294 31295
27 291 31917
28 293 31562
29 296 31165
30 294 31304
31 299 30649
32 293 31436
33 296 31026
34 297 31005
35 291 31680
36 294 31220
37 294 31321
38 295 31127
39 288 31940
40 295 31615
41 301 30957
42 304 30483
43 296 31325
44 302 30595
45 294 31373
46 304 30137
47 309 29712
48 311 29477
49 317 28987
50 305 30057
51 306 30017
52 310 29589
53 314 29267
54 304 30091
55 315 29395
56 314 29456
57 318 29031
58 312 29498
59 302 30473
60 305 29975
61 313 29422
62 316 29081
63 304 30126
64 318 28967
65 304 30122
66 310 29581
67 310 29533
68 307 29769
69 306 29930
70 310 29504
71 311 29507
72 313 29392
73 314 29230
74 323 28525
75 314 29284
76 314 29224
77 320 28722
78 324 28288
79 331 27941
80 332 27806
81 332 27736
82 335 27560
83 331 27867
84 339 27042
85 324 28348
86 333 27618
87 341 26932
88 352 25866
89 355 25388
90 360 24939
91 362 24818
92 363 24699
93 365 24574
94 371 23861
95 388 22310
96 396 21661
97 407 20524
98 431 17964
99 475 13181
100 264 34351
1 262 35007
2 273 34008
3 276 33795
4 280 33360
5 275 33830
6 278 33578
7 276 33801
8 280 33385
9 281 33245
10 283 33083
11 287 32729
12 284 32947
13 278 33581
14 278 33546
15 285 33096
16 286 32981
17 288 32772
18 276 33772
19 277 33622
20 274 34226
21 277 33823
22 279 33574
23 279 33509
24 283 33078
25 280 33343
26 281 33560
27 283 33274
28 280 33548
29 280 33506
30 280 33464
31 282 33222
32 282 33151
33 281 33344
34 283 33044
35 280 33310
36 290 32623
37 280 33555
38 280 33512
39 276 33820
40 279 33465
41 281 33218
42 284 33005
43 286 32767
44 280 33428
45 285 32925
46 276 33694
47 277 33681
48 283 33061
49 287 32736
50 282 33109
51 285 32900
52 286 32953
53 288 32730
54 288 32649
55 290 32485
56 292 32126
57 293 32058
58 294 32007
59 299 31657
60 305 31160
61 303 31291
62 308 30787
63 309 30932
64 307 31002
65 307 30943
66 307 30867
67 315 30854
68 303 31708
69 308 31223
70 309 31077
71 315 30599
72 326 29276
73 327 29027
74 328 28783
75 323 29395
76 326 29125
77 329 28564
78 329 28505
79 332 28365
80 334 28064
81 338 27870
82 342 27597
83 336 27886
84 341 27525
85 346 27226
86 333 28395
87 345 27213
88 342 27503
89 344 27239
90 347 27059
91 342 27539
92 364 25428
93 368 25123
94 374 24319
95 382 23361
96 402 21615
97 409 20832
98 432 18426
99 490 12453
100 260 35179
